Ե
ր	1408	807.437658
բ	1378	92.844009
 	32	145.437479
գ	1379	221.294641
ր	1408	124.992132
ո	1400	83.751917
ղ	1394	190.968990
ը	1384	124.775410
 	32	78.756809
վ	1406	184.133291
ե	1381	123.186350
ր	1408	189.443111
ա	1377	112.476110
դ	1380	365.124226
ա	1377	142.470837
ր	1408	140.635252
ձ	1393	134.069443
ա	1377	140.344143
վ	1406	162.214756
 	32	73.159933
ի	1387	102.475166
ր	1408	149.994850
 	32	82.242250
ս	1405	119.468212
ե	1381	114.172459
ղ	1394	199.094296
ա	1377	114.744902
ն	1398	118.144512
ի	1387	146.745682
 	32	147.371531
մ	1396	89.553595
ո	1400	136.971235
տ	1407	136.608601
,	44	260.465384
 	32	195.150137
ա	1377	61.637402
ս	1405	94.478130
ա	1377	40.411711
ց	1409	177.919626
՝	1373	82.427263
 	32	91.054678
ե	1381	125.336647
ր	1408	77.543974
և	1415	223.634243
ի	1387	60.163260
 	32	149.857283
թ	1385	164.196253
ե	1381	247.337341
 	32	155.036688
մ	1396	168.872833
ե	1381	114.629745
ր	1408	174.586535
 	32	299.823999
ժ	1386	93.768597
ա	1377	151.087999
մ	1396	188.709736
ա	1377	158.587694
ն	1398	193.323612
ա	1377	128.709793
կ	1391	78.766823
ն	1398	65.425634
ե	1381	193.977118
ր	1408	140.644550
ի	1387	93.852520
 	32	117.905140
ա	1377	189.070940
մ	1396	142.031431
ե	1381	2127.237082
ն	1398	171.294689
ա	1377	82.178116
մ	1396	100.423336
ե	1381	194.375992
ծ	1390	88.673830
 	32	222.083330
մ	1396	76.346636
ա	1377	206.795931
ր	1408	134.623528
դ	1380	121.066570
կ	1391	103.425503
ա	1377	87.721586
ն	1398	94.999313
ց	1409	107.946396
ի	1387	144.301653
ց	1409	110.586643
 	32	202.902555
մ	1396	59.008837
ե	1381	230.491161
կ	1391	94.956398
ի	1387	140.924692
ն	1398	349.750757
 	32	166.615009
է	1383	83.695412
 	32	115.540504
տ	1407	124.231577
ե	1381	54.866076
ս	1405	90.401411
ե	1381	77.222347
լ	1388	126.780510
 	32	93.875885
ո	1400	98.507643
ւ	1410	229.925156
 	32	165.556669
լ	1388	78.751087
ս	1405	91.887474
ե	1381	113.370895
լ	1388	177.217245
 	32	68.211555
ե	1381	184.620142
ս	1405	179.602385
 	32	84.644794
է	1383	84.821701
լ	1388	88.705540
 	32	101.510286
պ	1402	78.675270
ա	1377	198.256016
տ	1407	132.179737
մ	1396	174.813986
ե	1381	93.970776
ց	1409	77.324629
ի	1387	201.660872
,	44	181.831598
 	32	102.619171
ո	1400	125.227928
ր	1408	88.146687
 	32	83.574772
Ջ	1355	250.338793
ի	1387	58.146715
լ	1388	269.874096
ի	1387	207.957029
 	32	254.653931
հ	1392	217.983961
ե	1381	121.199846
տ	1407	205.161810
 	32	79.485178
մ	1396	128.058672
ա	1377	107.977867
ն	1398	28.034449
 	32	460.309744
գ	1379	275.830746
ա	1377	228.488684
լ	1388	74.946404
ի	1387	116.542578
ս	1405	706.482887
՝	1373	128.012896
 	32	77.756643
Ֆ	1366	105.548620
ի	1387	153.642416
ց	1409	83.001137
ր	1408	110.322714
ո	1400	71.399689
յ	1397	127.281904
 	32	68.788290
հ	1392	89.088202
ր	1408	44.590473
ա	1377	125.286102
պ	1402	293.518066
ա	1377	198.135853
ր	1408	444.817066
ա	1377	636.804581
կ	1391	261.528254
ո	1400	281.384945
ւ	1410	128.478527
մ	1396	209.730625
 	32	45.178652
ե	1381	286.008835
մ	1396	197.897434
 	32	103.179693
է	1383	103.412867
դ	1380	120.764971
 	32	88.310003
մ	1396	104.807138
ա	1377	113.951683
ր	1408	139.711857
դ	1380	55.030346
ո	1400	159.855127
ւ	1410	90.896368
ն	1398	88.481188
 	32	66.267729
հ	1392	73.115587
ա	1377	185.420036
ն	1398	225.881815
դ	1380	103.652477
ի	1387	127.204418
պ	1402	89.563370
ե	1381	131.612062
լ	1388	61.637878
 	32	150.381327
ո	1400	61.516047
ւ	1410	163.921833
 	32	60.998678
մ	1396	160.720825
ե	1381	93.154192
ր	1408	66.200972
 	32	114.756584
փ	1411	55.150509
ո	1400	155.646801
ղ	1394	96.791744
ո	1400	104.493856
ց	1409	82.386971
ը	1384	134.172440
 	32	50.752163
կ	1391	68.174839
ա	1377	157.253027
ն	1398	111.912489
չ	1401	65.968513
ե	1381	120.386124
լ	1388	169.011116
,	44	177.735806
 	32	206.691980
ո	1400	205.842018
ր	1408	146.527290
ո	1400	208.872795
վ	1406	67.372561
հ	1392	185.947895
ե	1381	103.749990
տ	1407	61.779022
և	1415	138.689756
 	32	110.740900
հ	1392	146.114826
ա	1377	192.367554
մ	1396	82.759142
զ	1382	127.396345
ո	1400	115.881681
վ	1406	90.381384
ա	1377	132.072449
ծ	1390	122.671604
 	32	101.620913
է	1383	99.936008
ի	1387	91.111422
՝	1373	89.567661
 	32	173.655033
գ	1379	76.232910
ր	1408	151.566267
ո	1400	43.251038
ղ	1394	200.957060
ն	1398	168.667793
 	32	77.484369
է	1383	88.245630
լ	1388	93.435764
 	32	180.464268
կ	1391	114.984989
ո	1400	132.958651
ւ	1410	190.314531
զ	1382	131.932497
ե	1381	140.254021
ր	1408	81.552744
 	32	329.540730
ծ	1390	349.817514
ա	1377	192.839146
ն	1398	103.046894
ո	1400	68.832159
թ	1385	248.475790
ա	1377	148.747921
ն	1398	32.725811
ա	1377	188.618660
լ	1388	99.151611
 	32	121.120453
ն	1398	80.866098
ր	1408	214.386940
ա	1377	77.769518
 	32	75.353384
հ	1392	251.938820
ե	1381	72.559357
տ	1407	122.916937
։	1417	87.938547
	13	171.727896
	13	200.586081
―	8213	180.882692
 	32	168.504238
Չ	1353	132.190943
գ	1379	66.227436
ի	1387	170.623064
տ	1407	170.170069
ե	1381	109.124422
մ	1396	62.112570
 	32	153.842211
ի	1387	55.128098
ն	1398	69.935083
չ	1401	340.064526
 	32	222.665071
ա	1377	147.899151
ն	1398	280.928373
ե	1381	280.546904
մ	1396	255.498171
,	44	343.754530
―	8213	55.997372
 	32	345.371008
ա	1377	126.452208
ս	1405	102.993250
ա	1377	89.715481
ց	1409	123.180628
 	32	77.853680
գ	1379	112.423897
ր	1408	72.021723
ո	1400	1325.124025
ղ	1394	158.177853
ը	1384	140.542269
,	44	287.230015
―	8213	173.977137
 	32	99.035978
մ	1396	109.919786
ի	1387	78.022480
 	32	179.319382
ֆ	1414	66.372156
ո	1400	275.591135
ւ	1410	268.017054
ն	1398	127.763510
տ	1407	186.492920
 	32	214.624882
տ	1407	297.154903
վ	1406	254.679918
ե	1381	44.061899
ց	1409	358.041048
ի	1387	163.344622
։	1417	351.044178
 	32	83.683491
Ի	1339	119.749784
հ	1392	164.874554
ա	1377	83.483219
ր	1408	220.862150
կ	1391	218.272209
ե	1381	138.733625
,	44	293.803215
 	32	107.976198
ս	1405	78.549147
խ	1389	217.305183
ա	1377	71.604729
լ	1388	115.443230
 	32	313.434124
է	1383	218.580484
ր	1408	82.214355
։	1417	290.612459
	13	235.543489
	13	194.839239
―	8213	132.731676
 	32	135.054827
Փ	1363	292.389631
ո	1400	177.225828
ղ	1394	177.774429
ը	1384	299.867153
 	32	192.976475
պ	1402	103.768110
ե	1381	257.586956
տ	1407	180.406094
ք	1412	223.535538
 	32	66.241741
կ	1391	156.416655
գ	1379	134.693146
ա	1377	130.952358
 	32	151.055574
ն	1398	72.002888
ր	1408	203.197718
ա	1377	153.833151
ն	1398	333.851099
։	1417	268.440723
	13	152.523756
	13	306.969404
―	8213	181.809664
 	32	390.551805
Ա	1329	283.813238
ն	1398	220.712185
շ	1399	167.653799
ո	1400	58.176517
ւ	1410	210.241318
շ	1399	92.553854
տ	1407	65.484762
 	32	161.321402
պ	1402	137.534142
ե	1381	203.400135
տ	1407	106.094360
ք	1412	50.802231
 	32	116.217852
կ	1391	163.387060
գ	1379	184.875011
ա	1377	118.725061
,	44	104.394913
 	32	288.478136
բ	1378	229.387283
ա	1377	160.199881
յ	1397	210.335970
ց	1409	149.106026
 	32	160.677910
ն	1398	97.241879
ա	1377	469.125748
 	32	183.473587
փ	1411	66.095114
ո	1400	214.431524
ղ	1394	250.505686
ո	1400	76.913834
ց	1409	291.308165
ն	1398	115.339994
ե	1381	58.669090
ր	1408	169.493675
ն	1398	118.975878
 	32	190.944910
ը	1384	85.154772
ն	1398	79.729795
կ	1391	120.792866
ա	1377	72.015762
ծ	1390	199.931383
՝	1373	66.739798
 	32	83.522081
ջ	1403	107.953310
ա	1377	98.979712
ն	1398	202.178478
ք	1412	116.632938
 	32	103.089809
չ	1401	257.442474
ի	1387	157.749414
 	32	228.101015
խ	1389	190.404654
ն	1398	175.439119
ա	1377	129.450560
յ	1397	144.353390
ո	1400	128.524065
ւ	1410	192.451715
մ	1396	61.707258
,	44	161.077738
 	32	169.847965
ո	1400	207.771301
ր	1408	133.695841
 	32	130.167484
մ	1396	159.672976
ա	1377	149.663210
ր	1408	821.616650
դ	1380	536.824226
ի	1387	168.458462
կ	1391	97.793341
 	32	163.043737
փ	1411	214.382648
ո	1400	170.514584
ղ	1394	76.339960
ի	1387	233.235359
 	32	177.312136
ի	1387	98.138332
շ	1399	103.625059
խ	1389	103.763342
ա	1377	44.787884
ն	1398	174.065351
ո	1400	159.275055
ւ	1410	71.617603
թ	1385	109.057665
յ	1397	101.486683
ո	1400	61.198711
ւ	1410	195.357800
ն	1398	89.401245
ի	1387	109.835625
ց	1409	155.205488
 	32	121.199608
ա	1377	158.405304
զ	1382	278.726578
ա	1377	202.802181
տ	1407	217.308044
վ	1406	262.633801
ե	1381	104.864120
ն	1398	102.748632
,	44	633.341312
 	32	246.692657
ի	1387	268.790007
ս	1405	159.104824
կ	1391	94.555378
 	32	99.292755
մ	1396	114.862919
ա	1377	85.776329
ր	1408	86.013079
դ	1380	84.569216
ի	1387	82.022190
՞	1374	157.245398
կ	1391	60.816288
․	8228	118.835926
 	32	87.973833
ի	1387	181.637526
՞	1374	187.826872
ն	1398	199.587584
չ	1401	99.737883
 	32	232.275486
ե	1381	164.858341
ն	1398	129.371643
 	32	211.761475
ա	1377	73.114872
ն	1398	172.313929
ո	1400	84.285259
ւ	1410	94.666481
մ	1396	67.269564
 	32	188.830137
մ	1396	86.701632
ա	1377	179.079533
ր	1408	141.466856
դ	1380	146.637201
ի	1387	204.729319
կ	1391	411.168814
․	8228	744.816065
 	32	168.092966
ե	1381	376.334667
ս	1405	318.021536
 	32	564.917803
ի	1387	469.543219
՞	1374	200.616360
ն	1398	149.301767
չ	1401	198.557377
 	32	296.202660
ա	1377	310.710192
ր	1408	228.199244
ե	1381	92.666149
ց	1409	280.120850
ի	1387	121.566057
։	1417	54.575920
 	32	147.849321
Փ	1363	285.244942
ո	1400	124.472141
ղ	1394	55.556774
 	32	176.249981
տ	1407	60.260773
վ	1406	131.270885
ի	1387	86.686373
 	32	129.788876
ն	1398	146.396160
ր	1408	122.428417
ա	1377	170.560360
ն	1398	781.733036
։	1417	191.546679
 	32	142.724037
Չ	1353	191.059828
է	1383	93.772650
,	44	369.064331
 	32	335.278273
ս	1405	263.338327
ա	1377	183.892488
 	32	49.938917
ը	1384	169.170141
ն	1398	83.112240
դ	1380	124.012232
հ	1392	137.050629
ա	1377	122.224808
ն	1398	255.540848
ր	1408	195.209742
ա	1377	161.870956
պ	1402	842.979670
ե	1381	462.289572
ս	1405	255.401611
 	32	301.673889
բ	1378	531.240702
ա	1377	553.976774
ն	1398	310.385466
ի	1387	310.599089
 	32	83.119631
ն	1398	594.314814
մ	1396	158.166647
ա	1377	133.110523
ն	1398	129.814148
 	32	95.204830
չ	1401	233.490705
է	1383	234.457016
։	1417	67.960262
	13	205.172300
	13	188.951969
Դ	1332	123.746157
ե	1381	104.115725
,	44	257.355690
 	32	164.272308
է	1383	167.296886
ս	1405	239.948750
տ	1407	131.938934
ե	1381	133.457422
ղ	1394	207.351923
 	32	122.715235
փ	1411	150.342941
ո	1400	200.843811
ղ	1394	190.808296
ի	1387	433.137655
ց	1409	282.317877
 	32	84.667921
խ	1389	109.962463
ո	1400	107.711077
ս	1405	65.409899
ք	1412	206.588268
 	32	88.625431
բ	1378	125.223398
ա	1377	122.762918
ց	1409	175.874472
վ	1406	179.798365
ե	1381	848.220587
ց	1409	54.207802
,	44	121.606112
 	32	97.577333
ո	1400	122.513294
ւ	1410	302.315474
 	32	172.741652
գ	1379	87.998867
ր	1408	78.712940
ո	1400	65.614939
ղ	1394	170.114994
ն	1398	92.764854
 	32	849.421024
ա	1377	463.314533
ս	1405	687.834501
ա	1377	10437.083721
ց	1409	232.975721
․	8228	157.736540
	13	441.873550
	13	419.349432
―	8213	142.471075
 	32	462.086916
Մ	1348	98.484993
ի	1387	133.987904
 	32	223.954201
օ	1413	337.342262
ր	1408	360.713482
 	32	77.011585
կ	1391	38.136721
ս	1405	1196.544170
կ	1391	231.022120
ս	1405	513.350248
ե	1381	209.125519
ս	1405	230.424881
 	32	124.333143
շ	1399	96.044540
ա	1377	80.076456
տ	1407	708.448172
 	32	127.549648
փ	1411	185.712814
ո	1400	168.190002
ղ	1394	116.564751
 	32	163.581848
վ	1406	55.321932
ա	1377	221.330881
ս	1405	194.772243
տ	1407	181.136608
ա	1377	162.053585
կ	1391	163.379431
ե	1381	66.091061
լ	1388	154.736757
,	44	83.112240
 	32	50.212145
ա	1377	111.691475
ռ	1404	141.101122
ա	1377	60.079575
ն	1398	212.930202
ձ	1393	72.985649
ն	1398	61.482668
ա	1377	238.159418
պ	1402	76.705456
ե	1381	150.380850
ս	1405	146.648884
 	32	483.005524
չ	1401	343.949318
ե	1381	367.774487
ս	1405	280.176401
 	32	187.794447
տ	1407	237.704039
ք	1412	232.971907
ն	1398	82.850933
ի	1387	234.576941
 	32	196.046829
վ	1406	48.556805
ա	1377	303.524971
ս	1405	209.652901
տ	1407	293.760300
ա	1377	127.247095
կ	1391	116.341591
ե	1381	175.276756
լ	1388	215.969563
ո	1400	163.188934
ւ	1410	137.885571
 	32	222.108126
հ	1392	128.235102
ա	1377	61.159372
մ	1396	69.020987
ա	1377	196.887493
ր	1408	177.703381
,	44	244.517326
 	32	134.186268
ա	1377	827.314138
մ	1396	316.722393
ե	1381	83.046675
ն	1398	244.135857
 	32	100.579023
ի	1387	147.272348
ն	1398	164.092302
չ	1401	71.837664
 	32	212.861538
ի	1387	118.080854
ն	1398	261.583328
ա	1377	108.996391
ն	1398	134.734154
ք	1412	220.131397
բ	1378	118.371010
ե	1381	121.406317
ր	1408	87.689638
ա	1377	141.872168
բ	1378	87.095499
ա	1377	145.310879
ր	1408	99.527836
 	32	330.867529
կ	1391	90.480328
ս	1405	142.812490
տ	1407	83.162069
ա	1377	146.501541
ց	1409	334.517717
վ	1406	76.242685
ի	1387	145.734549
։	1417	129.598856
 	32	88.220358
Ա	1329	115.996838
յ	1397	656.147718
,	44	210.430622
 	32	65.612555
ե	1381	289.438009
ր	1408	21.914959
բ	1378	830.945253
 	32	108.237267
ո	1400	98.016500
ր	1408	88.166475
 	32	72.625399
դ	1380	74.893475
ա	1377	498.547077
 	32	99.174738
կ	1391	77.771902
ա	1377	98.758459
տ	1407	109.637737
ա	1377	216.275930
ր	1408	66.021442
վ	1406	208.598852
ի	1387	124.268293
,	44	89.046478
 	32	127.896786
ո	1400	49.882174
չ	1401	160.013914
 	32	128.532410
մ	1396	166.670322
ի	1387	66.134214
 	32	371.438980
ն	1398	175.749302
շ	1399	98.717928
ա	1377	82.063913
ն	1398	89.179993
ա	1377	229.442358
կ	1391	165.437698
ո	1400	104.286432
ւ	1410	103.208542
յ	1397	101.154327
թ	1385	100.806713
ո	1400	99.430323
ւ	1410	83.106756
ն	1398	320.395470
 	32	125.949860
չ	1401	168.872595
տ	1407	90.708017
ա	1377	180.574417
ս	1405	197.327614
,	44	122.574806
 	32	264.578819
դ	1380	190.001726
ր	1408	173.899174
ա	1377	138.320446
ն	1398	245.516300
ո	1400	67.324162
վ	1406	294.881582
 	32	246.105194
չ	1401	107.868433
տ	1407	119.494915
ա	1377	113.403082
ր	1408	54.915190
վ	1406	88.996649
ե	1381	168.908358
ս	1405	116.990805
՝	1373	104.036808
 	32	129.308224
փ	1411	90.247154
ո	1400	78.180075
ղ	1394	89.732647
ի	1387	100.171328
 	32	120.651484
գ	1379	109.323502
ե	1381	213.915110
ր	1408	65.689325
ի	1387	106.980085
ն	1398	102.091551
 	32	113.414526
դ	1380	168.852091
ա	1377	71.771622
ռ	1404	43.458223
ն	1398	340.050936
ա	1377	278.952837
ս	1405	126.453161
․	8228	99.532127
 	32	98.752022
ա	1377	70.493221
վ	1406	115.318775
ե	1381	76.444387
լ	1388	173.632383
ի	1387	33.805609
 	32	215.765238
շ	1399	100.420952
ա	1377	176.296473
տ	1407	51.429987
 	32	824.757099
ո	1400	176.705837
ւ	1410	203.080177
ն	1398	71.632385
ե	1381	136.650085
ն	1398	50.435781
ա	1377	157.932997
լ	1388	93.625069
ո	1400	78.616858
ւ	1410	109.022141
ն	1398	77.295780
 	32	107.739925
չ	1401	129.646063
ձ	1393	185.551167
գ	1379	213.541746
տ	1407	132.826328
ե	1381	111.268044
ս	1405	108.754396
 	32	190.669060
ո	1400	124.470472
ւ	1410	249.238491
 	32	120.271444
չ	1401	171.551704
տ	1407	160.392523
խ	1389	220.610380
ր	1408	101.439714
ե	1381	75.613260
ս	1405	222.478151
,	44	210.853100
 	32	82.190514
ե	1381	153.353930
թ	1385	158.733368
ե	1381	74.273586
 	32	124.912262
ք	1412	346.721411
ի	1387	87.959766
չ	1401	220.544338
 	32	97.143173
ս	1405	94.427824
տ	1407	559.280396
ա	1377	365.248919
ն	1398	107.713938
ա	1377	57.254553
ս	1405	181.515694
։	1417	59.884310
 	32	95.526218
Դ	1332	64.982176
ր	1408	275.658369
ա	1377	66.268682
ն	1398	94.072104
ի	1387	93.598127
ց	1409	121.379137
 	32	79.856634
բ	1378	163.445711
ա	1377	60.458660
ր	1408	112.111568
ձ	1393	108.226538
ր	1408	60.895681
 	32	132.090807
ե	1381	71.203470
ղ	1394	163.121700
ի	1387	67.652941
ր	1408	274.999142
։	1417	735.526085
 	32	293.956280
Ե	1333	303.516388
ր	1408	131.670952
բ	1378	116.506815
ե	1381	189.082623
ք	1412	240.299225
 	32	100.085020
ք	1412	242.480755
ե	1381	321.900606
զ	1382	121.328831
 	32	84.563255
թ	1385	87.634563
ո	1400	161.536455
ւ	1410	336.933136
յ	1397	155.843735
լ	1388	334.928751
 	32	185.605526
չ	1401	194.933414
տ	1407	115.801096
ա	1377	175.196171
ս	1405	117.483139
 	32	66.002131
հ	1392	218.016386
ա	1377	190.831184
ր	1408	190.110445
ո	1400	67.421198
ւ	1410	142.363787
ս	1405	125.344992
տ	1407	165.102720
 	32	82.094908
կ	1391	233.669996
ա	1377	192.330122
մ	1396	66.984892
 	32	142.213106
ա	1377	87.335110
ղ	1394	55.151701
ք	1412	348.225117
ա	1377	224.678278
տ	1407	93.582869
 	32	167.163372
լ	1388	386.298656
ի	1387	185.862064
ն	1398	92.777491
ե	1381	134.799719
լ	1388	78.822613
։	1417	319.806576
 	32	87.760687
Փ	1363	76.805115
ո	1400	158.834696
ղ	1394	60.463667
ը	1384	118.195057
 	32	318.039894
կ	1391	216.747522
ա	1377	110.185385
ր	1408	125.512362
ն	1398	305.382252
ո	1400	186.965227
ւ	1410	535.567522
յ	1397	178.336143
ն	1398	711.408615
ի	1387	231.296301
ս	1405	184.653521
կ	1391	132.517576
 	32	388.257265
լ	1388	168.175936
ա	1377	191.922188
վ	1406	112.193108
 	32	667.173147
մ	1396	215.483189
ա	1377	87.834358
ր	1408	132.665157
դ	1380	203.689337
ո	1400	76.841116
ւ	1410	192.260027
ն	1398	402.248859
 	32	185.925961
կ	1391	29.158354
ո	1400	204.776764
ր	1408	172.342300
ծ	1390	93.542099
ա	1377	99.335432
ն	1398	88.892698
մ	1396	87.566853
ա	1377	103.882074
ն	1398	155.526638
 	32	72.311640
հ	1392	136.460066
ա	1377	136.340141
ս	1405	62.301636
ց	1409	55.682182
ն	1398	16373.808384
ե	1381	230.542898
լ	1388	291.308641
։	1417	246.107101
	13	241.693020
	13	132.402658
Ո	1352	287.062407
ւ	1410	77.356815
զ	1382	389.062166
ո	1400	144.859791
ւ	1410	105.401039
մ	1396	319.465160
 	32	205.751896
է	1383	34961.722136
ի	1387	259.804726
 	32	225.492716
ի	1387	131.456137
մ	1396	77.202320
ա	1377	688.536167
ն	1398	98.359346
ա	1377	76.563835
լ	1388	397.911549
,	44	199.458599
 	32	134.627819
թ	1385	206.559181
ե	1381	326.682806
 	32	94.924212
ո	1400	77.256918
ն	1398	145.655870
ց	1409	94.223976
 	32	75.967073
պ	1402	174.610615
ի	1387	193.989277
տ	1407	213.662624
ի	1387	806.457043
 	32	567.043781
հ	1392	161.310673
ա	1377	174.657106
ն	1398	228.298903
կ	1391	224.666595
ա	1377	221.185684
ր	1408	414.928675
ծ	1390	1057.665586
 	32	156.796217
շ	1399	160.941601
ա	1377	1576.003075
տ	1407	117.336750
 	32	66.022158
փ	1411	130.498886
ո	1400	158.010483
ղ	1394	71.299314
 	32	162.445068
վ	1406	43.657541
ա	1377	76.963186
ս	1405	778.425694
տ	1407	94.153404
ա	1377	43.343544
կ	1391	100.003004
ե	1381	116.816282
մ	1396	88.567019
,	44	98.078489
 	32	65.961838
է	1383	116.410017
ն	1398	80.454350
պ	1402	164.631367
ե	1381	55.101395
ս	1405	366.836786
 	32	124.168158
ո	1400	109.554529
ր	1408	195.889473
 	32	91.254473
գ	1379	135.812998
ր	1408	172.002792
ո	1400	82.820415
ղ	1394	109.786987
ի	1387	72.982073
ն	1398	198.582172
 	32	32.981157
հ	1392	111.823797
ա	1377	437.631130
ր	1408	152.588367
ց	1409	121.305227
ր	1408	99.739075
ի	1387	258.686304
,	44	737.813234
 	32	167.030096
ն	1398	249.171972
ա	1377	148.923874
 	32	374.535561
է	1383	222.870827
լ	1388	65.020084
 	32	177.256823
բ	1378	40.907621
ա	1377	158.470154
ց	1409	78.508139
ա	1377	66.529036
տ	1407	167.650461
ր	1408	153.851271
ե	1381	231.827497
ց	1409	311.188459
․	8228	140.107632
	13	94.208956
	13	118.092537
―	8213	104.839802
 	32	204.391479
Գ	1331	56.017160
ր	1408	471.865654
ե	1381	175.155878
լ	1388	87.940931
ո	1400	127.353430
վ	1406	59.931993
,	44	106.648922
―	8213	76.683760
 	32	257.176399
ա	1377	160.957098
ս	1405	130.190849
ա	1377	127.223969
ց	1409	55.266619
։	1417	167.398691
―	8213	103.414536
 	32	70.477009
Դ	1332	150.021315
ո	1400	98.920584
ւ	1410	79.853773
 	32	269.572258
հ	1392	49.444437
ի	1387	593.609333
մ	1396	117.011309
ա	1377	170.290470
 	32	196.012974
է	1383	284.559488
լ	1388	88.758469
 	32	83.071470
ե	1381	93.335867
ս	1405	182.858467
 	32	88.564873
լ	1388	358.548641
ա	1377	136.432171
վ	1406	129.933357
 	32	193.409920
գ	1379	229.151726
ր	1408	100.423098
ո	1400	182.800055
ւ	1410	196.282864
մ	1396	96.214056
,	44	248.095274
 	32	59.525251
բ	1378	161.542654
ա	1377	113.824368
յ	1397	117.949009
ց	1409	206.493616
 	32	70.630789
շ	1399	227.989912
ո	1400	132.298231
ւ	1410	214.312315
տ	1407	69.968224
ո	1400	147.350311
վ	1406	82.294226
,	44	123.451471
 	32	83.065271
ը	1384	38.748741
ս	1405	153.229952
տ	1407	99.761248
 	32	106.660366
ի	1387	234.255791
ս	1405	86.980104
,	44	142.088413
 	32	82.705021
մ	1396	136.659861
ե	1381	120.654821
ծ	1390	125.642776
 	32	218.028784
գ	1379	146.335125
ր	1408	174.365044
ո	1400	191.494226
ղ	1394	43.520451
 	32	183.866501
կ	1391	82.152128
դ	1380	76.065302
ա	1377	171.458483
ռ	1404	43.158293
ն	1398	59.819937
ա	1377	253.879547
ս	1405	59.848309
։	1417	165.694475
	13	89.068651
	13	261.035919
―	8213	136.945248
 	32	74.428082
Ո	1352	148.689747
ր	1408	127.173185
տ	1407	310.784578
ե	1381	159.633398
ղ	1394	286.162376
ի	1387	186.318398
՞	1374	530.075312
ց	1409	343.537092
 	32	407.701969
գ	1379	224.908590
ի	1387	76.918364
տ	1407	160.718203
ե	1381	122.512102
ն	1398	293.020010
ք	1412	176.725864
։	1417	109.602690
	13	55.647612
	13	103.886604
―	8213	465.100765
 	32	304.196596
Գ	1331	320.471048
ի	1387	220.598221
տ	1407	532.521725
ե	1381	184.637308
մ	1396	78.291178
 	32	60.525417
ո	1400	151.033401
ւ	1410	65.868855
 	32	193.207026
վ	1406	96.155167
ե	1381	118.817091
ր	1408	443.491220
ջ	1403	78.685284
։	1417	38.416624
	13	162.494898
	13	135.710239
է	1383	118.602276
՛	1371	164.611816
հ	1392	77.865362
,	44	48.912048
 	32	117.620468
ե	1381	142.413855
թ	1385	115.692854
ե	1381	98.147154
 	32	87.340117
խ	1389	174.908161
ո	1400	179.319143
ս	1405	49.355507
ք	1412	125.142813
ը	1384	59.751987
 	32	35.474539
է	1383	117.868423
ս	1405	77.223778
 	32	298.449516
տ	1407	152.587652
ե	1381	83.523750
ս	1405	147.449255
ա	1377	114.932537
կ	1391	434.325457
 	32	181.318760
հ	1392	33.701658
ր	1408	924.717665
ա	1377	156.313658
շ	1399	242.632627
ք	1412	138.754845
ն	1398	145.362139
ե	1381	226.085186
ր	1408	323.233366
ի	1387	99.201441
 	32	602.807999
մ	1396	499.433279
ա	1377	500.413179
ս	1405	37.283897
ի	1387	28.693438
ն	1398	33.456564
 	32	240.998030
է	1383	157.349348
,	44	349.465609
 	32	140.739441
մ	1396	164.676189
ա	1377	132.922888
ն	1398	240.394115
ա	1377	356.705666
վ	1406	329.865694
ա	1377	60.287476
ն	1398	581.280231
դ	1380	142.973423
 	32	262.532473
ո	1400	42.740345
ր	1408	182.938576
 	32	111.119270
բ	1378	259.833574
ա	1377	304.778576
ն	1398	233.836174
ն	1398	256.380558
 	32	136.251688
է	1383	132.488489
լ	1388	107.201815
 	32	198.958635
ք	1412	99.802494
ե	1381	298.698902
զ	1382	214.326382
 	32	214.272261
է	1383	116.386890
 	32	280.640602
վ	1406	122.638226
ե	1381	71.616173
ր	1408	427.128077
ա	1377	286.004066
բ	1378	185.348749
ե	1381	1767.580748
ր	1408	306.175470
ո	1400	466.547012
ւ	1410	223.006010
մ	1396	159.200907
,	44	72.325945
 	32	276.418924
ո	1400	99.379063
ւ	1410	348.815441
զ	1382	115.845919
ո	1400	144.739866
ւ	1410	121.501207
մ	1396	118.891478
 	32	266.063690
ե	1381	88.228941
ս	1405	159.887314
 	32	100.474596
ա	1377	370.952606
վ	1406	236.080885
ե	1381	152.442694
լ	1388	217.570066
ի	1387	193.744659
ն	1398	261.101246
 	32	115.144491
ի	1387	230.227709
մ	1396	120.765686
ա	1377	358.437777
ն	1398	147.111177
ա	1377	109.987020
լ	1388	230.879545
,	44	92.755795
 	32	55.112123
դ	1380	165.923834
ր	1408	407.576323
ա	1377	140.512943
 	32	50.692320
հ	1392	77.047110
ա	1377	142.556667
մ	1396	146.277189
ա	1377	123.524666
ր	1408	83.500147
 	32	379.672766
է	1383	290.705919
լ	1388	145.650625
 	32	536.646605
ա	1377	494.212627
ս	1405	351.469994
ի	1387	287.785292
․	8228	71.044922
	13	305.389643
	13	197.697878
―	8213	170.527458
 	32	82.960844
Բ	1330	186.131716
ա	1377	81.285715
յ	1397	169.969559
ց	1409	198.327780
 	32	120.569468
ի	1387	75.313807
ն	1398	298.407555
չ	1401	221.500635
ո	1400	120.823860
՞	1374	182.418585
ւ	1410	108.281136
 	32	299.057961
ե	1381	50.797939
ք	1412	159.743309
 	32	66.527843
է	1383	355.627298
դ	1380	77.474594
պ	1402	721.954823
ե	1381	185.214996
ս	1405	76.882362
 	32	157.095194
կ	1391	117.182732
ա	1377	135.388374
ր	1408	89.207411
ծ	1390	85.649490
ո	1400	153.341532
ւ	1410	62.666655
մ	1396	162.850618
։	1417	76.249838
	13	50.442219
	13	67.494154
―	8213	132.375717
 	32	76.860666
Ե	1333	120.807886
ս	1405	159.157753
 	32	105.052471
կ	1391	197.027683
ա	1377	129.967690
ր	1408	133.148670
դ	1380	100.848913
ա	1377	179.186583
ց	1409	93.746185
ե	1381	140.301228
լ	1388	114.676714
 	32	130.761862
ե	1381	110.488892
մ	1396	94.233751
 	32	71.774960
բ	1378	177.710056
ո	1400	70.060730
լ	1388	72.111130
ո	1400	175.576687
ր	1408	72.888613
 	32	115.508080
գ	1379	72.090387
ո	1400	80.280542
ր	1408	181.142569
ծ	1390	172.389269
ե	1381	190.383434
ր	1408	101.032972
դ	1380	127.077341
,	44	115.324020
 	32	170.759916
ի	1387	178.232908
ն	1398	127.279520
չ	1401	102.729321
 	32	118.237495
ո	1400	162.384987
ր	1408	105.105877
 	32	104.376078
ի	1387	83.261490
մ	1396	160.478115
 	32	233.835936
ա	1377	55.639505
ռ	1404	123.638391
ա	1377	96.133947
ջ	1403	115.423203
ա	1377	208.810806
դ	1380	54.090500
ր	1408	183.021069
ա	1377	63.105345
ն	1398	60.160875
ք	1412	173.421144
ո	1400	201.220512
վ	1406	204.655409
 	32	138.168097
գ	1379	138.570786
ր	1408	76.863289
ե	1381	28.101683
լ	1388	177.356005
 	32	71.753263
ե	1381	137.678146
ս	1405	140.815735
,	44	120.990038
 	32	73.123693
―	8213	109.357119
 	32	69.913387
ա	1377	139.391661
ս	1405	60.239315
ա	1377	100.859880
ց	1409	126.424789
 	32	99.569082
գ	1379	34.535170
ր	1408	137.779713
ո	1400	68.508625
ղ	1394	90.591669
ը	1384	89.853525
։	1417	149.784088
―	8213	56.379557
 	32	138.091087
Դ	1332	179.396391
ո	1400	37.657022
ւ	1410	487.453938
 	32	50.113678
հ	1392	164.314508
ի	1387	298.437357
մ	1396	297.606468
ա	1377	393.768549
 	32	243.257284
ա	1377	177.844048
վ	1406	246.502161
ե	1381	198.397160
լ	1388	1112.834215
ի	1387	144.964218
 	32	115.258455
լ	1388	98.368645
ա	1377	95.632792
վ	1406	216.549397
 	32	132.350445
ե	1381	271.771431
ս	1405	163.877249
 	32	436.052322
գ	1379	261.157751
ր	1408	77.648878
ո	1400	181.344032
ւ	1410	239.179611
մ	1396	292.479277
,	44	102.848768
 	32	127.193928
ք	1412	113.349199
ա	1377	264.747620
ն	1398	213.170290
 	32	108.384609
ե	1381	164.751530
ր	1408	98.742485
բ	1378	268.112421
և	1415	149.920940
է	1383	99.168301
 	32	198.606730
ա	1377	142.849922
ս	1405	99.356413
պ	1402	182.673216
ա	1377	287.534475
ր	1408	259.628296
ե	1381	239.403725
զ	1382	265.950203
 	32	177.723169
ե	1381	180.956364
կ	1391	224.371195
ա	1377	73.775291
ծ	1390	122.263670
 	32	100.041866
գ	1379	99.751234
ր	1408	70.472002
ո	1400	67.360640
ղ	1394	118.338823
ն	1398	179.705620
ե	1381	77.524424
ր	1408	46.989202
ի	1387	127.117872
 	32	65.504313
մ	1396	62.136412
ե	1381	397.628307
ծ	1390	111.692905
ա	1377	276.396990
մ	1396	116.755724
ա	1377	127.194166
ս	1405	60.201883
ն	1398	181.699276
ո	1400	102.478027
ւ	1410	91.141224
թ	1385	211.687565
յ	1397	143.848181
ո	1400	106.760502
ւ	1410	154.025078
ն	1398	120.149374
ը	1384	56.488514
,	44	150.397301
 	32	128.031015
մ	1396	177.358389
ի	1387	51.890373
ն	1398	160.769939
չ	1401	135.478020
դ	1380	87.442875
ե	1381	201.814413
ռ	1404	178.345919
 	32	66.726685
ն	1398	105.903864
ո	1400	79.669952
ր	1408	118.238449
 	32	119.881153
ե	1381	194.016218
ս	1405	335.349798
 	32	133.051395
ս	1405	40.600061
կ	1391	981.924534
ս	1405	136.695862
ո	1400	189.711094
ւ	1410	174.654484
մ	1396	111.046553
։	1417	105.915308
 	32	83.459616
Գ	1331	139.488220
ր	1408	103.824377
ո	1400	105.956554
ղ	1394	119.681120
ն	1398	128.244877
ե	1381	7467.319250
ր	1408	32.104015
ը	1384	473.025322
 	32	226.954699
չ	1401	275.512218
ե	1381	133.148193
ն	1398	196.573496
 	32	149.400234
ս	1405	233.016968
ի	1387	21.191359
ր	1408	1002.508402
ո	1400	225.966215
ւ	1410	197.968483
մ	1396	200.714588
 	32	98.107815
գ	1379	142.179012
ր	1408	197.546244
ո	1400	105.816364
ղ	1394	565.988541
ն	1398	258.679152
ե	1381	272.094250
ր	1408	182.914495
ի	1387	169.140100
ն	1398	67.098141
։	1417	71.116924
 	32	145.416021
Վ	1358	66.253185
ա	1377	201.963425
խ	1389	70.497990
ե	1381	95.951557
ն	1398	175.981522
ո	1400	94.153643
ւ	1410	479.160309
մ	1396	136.616468
 	32	84.663153
ե	1381	83.569765
ն	1398	191.004515
 	32	66.442251
ի	1387	49.134493
ր	1408	101.145744
ա	1377	99.788904
ր	1408	139.979839
ի	1387	150.050163
ց	1409	96.521854
։	1417	121.441364
 	32	65.970898
Ե	1333	102.839947
ս	1405	162.435055
՝	1373	176.661491
 	32	77.088356
չ	1401	60.374975
է	1383	176.301479
։	1417	100.431919
 	32	71.613073
Ս	1357	116.360664
ի	1387	100.800037
ր	1408	212.146997
ո	1400	382.046461
ւ	1410	299.027443
մ	1396	202.304840
 	32	84.474564
ե	1381	548.558712
մ	1396	95.554352
 	32	111.270189
գ	1379	524.309397
ր	1408	93.364477
ո	1400	375.868797
ղ	1394	93.154430
ն	1398	126.817703
ե	1381	92.126846
ր	1408	196.908712
ի	1387	83.098888
ն	1398	169.333696
։	1417	83.052635
 	32	107.896805
Ա	1329	157.884121
յ	1397	72.454929
ն	1398	148.338079
 	32	139.470816
մ	1396	87.765694
ա	1377	160.801649
ր	1408	109.346151
դ	1380	121.118546
կ	1391	55.597782
ա	1377	163.161516
ն	1398	30.364037
ց	1409	168.284416
 	32	60.429096
չ	1401	146.815538
ե	1381	99.272251
մ	1396	130.385399
 	32	92.012405
ս	1405	60.958385
ի	1387	99.214792
ր	1408	123.225927
ո	1400	48.400164
ւ	1410	109.472752
մ	1396	60.577869
,	44	84.877491
 	32	32.591820
ո	1400	143.093824
վ	1406	148.286104
ք	1412	239.291430
ե	1381	72.325230
ր	1408	176.097631
 	32	105.250835
գ	1379	151.265860
ր	1408	112.821817
ո	1400	158.087254
ղ	1394	193.038702
 	32	51.008940
չ	1401	88.928461
ե	1381	159.527302
ն	1398	95.984936
,	44	100.845098
 	32	77.764750
բ	1378	149.957657
ա	1377	148.662090
յ	1397	95.305443
ց	1409	254.061937
 	32	121.270895
հ	1392	72.990894
ա	1377	151.324272
մ	1396	100.142717
ա	1377	172.698975
ռ	1404	235.457897
ո	1400	181.199789
ր	1408	188.521862
ե	1381	184.656620
ն	1398	88.371992
 	32	206.294298
շ	1399	110.291243
ա	1377	171.345711
ր	1408	104.322433
ո	1400	192.580938
ւ	1410	79.582214
ն	1398	174.359083
ա	1377	108.244181
կ	1391	90.458393
ո	1400	53.709984
ւ	1410	119.868040
մ	1396	93.477726
 	32	141.345263
ե	1381	82.039118
ն	1398	82.320690
 	32	183.250904
գ	1379	50.102472
ր	1408	94.247818
ե	1381	85.193872
լ	1388	79.859018
։	1417	200.006008
 	32	101.119757
Ի	1339	114.189625
ս	1405	82.525253
կ	1391	145.136118
 	32	147.478342
դ	1380	227.021694
ո	1400	171.271324
ւ	1410	187.924862
 	32	197.532415
գ	1379	104.610682
ր	1408	273.134708
ո	1400	943.962336
ղ	1394	89.418173
 	32	78.213692
ե	1381	181.762934
ս	1405	45.795202
։	1417	82.936287
 	32	83.561420
Հ	1344	85.247755
ե	1381	810.707331
ն	1398	271.080971
ց	1409	78.898430
 	32	136.906624
ո	1400	228.620291
ր	1408	91.731787
 	32	355.847359
կ	1391	221.943140
ս	1405	434.678078
կ	1391	240.338087
ս	1405	283.220053
ե	1381	239.465237
ս	1405	177.140713
 	32	103.101015
շ	1399	387.705088
ա	1377	195.292234
տ	1407	145.267725
 	32	155.568123
փ	1411	181.170225
ո	1400	180.330038
ղ	1394	98.433733
 	32	167.307377
վ	1406	59.623003
ա	1377	86.020231
ս	1405	55.243015
տ	1407	77.833414
ա	1377	138.193607
կ	1391	127.607822
ե	1381	105.044127
լ	1388	206.981897
,	44	82.441330
 	32	156.841278
դ	1380	88.541031
ր	1408	136.914492
ա	1377	174.175739
ն	1398	219.592333
 	32	167.009354
ո	1400	116.559029
չ	1401	109.659672
 	32	155.756712
մ	1396	54.473639
ի	1387	153.805256
 	32	45.845747
ն	1398	139.125824
շ	1399	74.490070
ա	1377	100.148678
ն	1398	88.767052
ա	1377	97.814798
կ	1391	81.112862
ո	1400	96.323729
ւ	1410	108.417273
թ	1385	112.539053
յ	1397	94.711065
ո	1400	48.682928
ւ	1410	127.742529
ն	1398	113.127708
 	32	141.142607
չ	1401	71.794271
տ	1407	114.208460
ա	1377	169.021845
ս	1405	199.283123
,	44	66.112757
 	32	673.218966
ա	1377	149.561882
ռ	1404	166.569471
ա	1377	173.699856
ն	1398	104.772091
ց	1409	44.208050
 	32	129.089355
ա	1377	104.978323
յ	1397	78.249454
դ	1380	209.693909
 	32	61.177015
է	1383	188.435555
լ	1388	304.303169
 	32	211.469412
մ	1396	113.760710
ի	1387	107.375860
լ	1388	195.912361
ի	1387	60.904264
ո	1400	162.110329
ն	1398	43.981075
ա	1377	84.539652
տ	1407	109.013796
ե	1381	57.965040
ր	1408	257.930517
 	32	75.620174
ե	1381	129.698753
ս	1405	85.651636
 	32	473.517179
ո	1400	57.057142
ւ	1410	181.202650
 	32	87.710142
մ	1396	122.678280
ի	1387	49.507141
լ	1388	237.312317
ի	1387	122.273922
ո	1400	137.598515
ն	1398	127.800465
ա	1377	226.775885
տ	1407	188.780546
ե	1381	89.514971
ր	1408	76.269150
 	32	125.442505
է	1383	379.285812
լ	1388	177.276373
 	32	45.345783
կ	1391	146.120787
լ	1388	34.478903
ի	1387	65.611839
ն	1398	155.623674
ե	1381	87.842703
ս	1405	114.617348
։	1417	108.461142
	13	233.045578
	13	171.398163
―	8213	126.664877
 	32	220.070362
Մ	1348	113.893509
ի	1387	78.216553
լ	1388	111.031771
ի	1387	159.325123
ո	1400	87.310553
ն	1398	27.620316
ա	1377	310.458183
տ	1407	153.125048
ե	1381	63.790083
՞	1374	203.020811
ր	1408	80.897331
։	1417	150.499344
	13	405.697107
	13	397.977352
―	8213	182.398319
 	32	269.312382
Ի	1339	219.002724
հ	1392	104.835987
ա	1377	89.002848
ր	1408	92.706680
կ	1391	163.255215
ե	1381	100.163221
,	44	71.327686
―	8213	213.722467
 	32	83.263159
ա	1377	148.303986
ս	1405	572.594643
ա	1377	243.632078
ց	1409	208.880901
 	32	122.004747
գ	1379	645.045519
ր	1408	133.984804
ո	1400	82.165003
ղ	1394	122.292995
ը	1384	1883.239746
։	1417	162.068844
―	8213	231.974840
 	32	150.583267
Դ	1332	814.153671
ո	1400	239.520073
ւ	1410	84.438086
 	32	213.636398
ի	1387	72.069168
 	32	130.841017
ծ	1390	94.133615
ն	1398	104.781389
ե	1381	297.365189
 	32	61.057806
մ	1396	194.858313
ի	1387	137.432814
լ	1388	121.945143
ի	1387	121.283054
ո	1400	210.594654
ն	1398	316.894770
ա	1377	78.262806
տ	1407	55.443764
ե	1381	168.625355
ր	1408	88.297129
 	32	44.125319
ե	1381	342.214108
ս	1405	219.845295
։	1417	118.098021
 	32	103.775978
Ա	1329	87.189198
յ	1397	80.511332
ն	1398	103.937149
 	32	95.357656
մ	1396	103.144646
ի	1387	66.161394
լ	1388	114.419937
ի	1387	45.365334
ո	1400	149.976254
ն	1398	66.025496
ա	1377	155.229568
տ	1407	126.001120
ե	1381	191.758394
ր	1408	93.149662
ե	1381	125.644922
ր	1408	72.121143
ի	1387	167.627096
ց	1409	143.166542
,	44	115.245819
 	32	51.097155
ո	1400	126.627684
ր	1408	70.870161
 	32	139.310837
տ	1407	71.613550
ա	1377	124.823809
ս	1405	92.689753
ը	1384	230.794191
 	32	382.660627
ս	1405	47.610760
ե	1381	264.395714
ն	1398	116.585732
թ	1385	236.292362
ի	1387	56.482553
 	32	212.929249
կ	1391	112.758636
ա	1377	111.038685
ր	1408	345.779419
ի	1387	211.366177
ք	1412	126.924515
 	32	97.156763
է	1383	75.225353
լ	1388	167.838573
 	32	56.334019
չ	1401	146.589756
ո	1400	38.162231
ւ	1410	71.564198
ն	1398	210.255146
ե	1381	111.438751
ն	1398	188.191175
․	8228	112.845421
 	32	199.260473
դ	1380	116.422653
ա	1377	117.211103
 	32	142.743826
հ	1392	170.718431
ա	1377	116.229057
զ	1382	88.488102
ի	1387	139.300346
վ	1406	76.758146
 	32	104.393721
թ	1385	173.758030
ե	1381	172.440052
 	32	60.202122
ն	1398	167.370558
ր	1408	89.054585
ա	1377	138.584614
ն	1398	396.108150
ց	1409	270.721436
 	32	154.486656
պ	1402	314.877987
ե	1381	173.530579
տ	1407	215.968132
ք	1412	91.877937
 	32	368.038893
գ	1379	76.766968
ա	1377	198.995590
։	1417	93.852043
 	32	135.267735
Ո	1352	136.847258
ւ	1410	77.532291
ղ	1394	197.420120
ղ	1394	252.915859
ա	1377	265.597343
կ	1391	208.690405
ի	1387	143.926620
 	32	224.475622
ա	1377	159.976721
շ	1399	232.812881
խ	1389	187.608480
ա	1377	102.971554
տ	1407	105.437517
ի	1387	183.343649
ր	1408	98.064661
 	32	185.016394
ո	1400	72.191477
ղ	1394	418.382645
ջ	1403	280.600548
 	32	98.303080
պ	1402	183.066845
ր	1408	310.081482
ծ	1390	128.252745
ն	1398	134.864330
ե	1381	147.663593
լ	1388	187.226295
 	32	595.617533
պ	1402	164.026737
ա	1377	157.101870
տ	1407	78.069210
ե	1381	526.695490
ր	1408	49.019575
ա	1377	311.204195
զ	1382	162.196159
մ	1396	61.693192
ի	1387	212.264061
ց	1409	167.807579
,	44	180.342436
 	32	110.005617
ո	1400	71.654320
ւ	1410	200.349808
ր	1408	65.550566
ի	1387	287.624598
շ	1399	235.880852
 	32	173.532009
ո	1400	155.102968
չ	1401	311.923265
ի	1387	66.761971
ն	1398	48.866749
չ	1401	176.388264
։	1417	115.762234
	13	231.203318
	13	190.479755
Ա	1329	97.675323
ս	1405	114.067554
ի	1387	123.639107
՝	1373	97.850323
 	32	208.170891
ա	1377	91.936111
ն	1398	130.890369
ը	1384	124.594212
ն	1398	105.628014
դ	1380	88.326931
հ	1392	105.368853
ա	1377	121.212959
տ	1407	77.739716
 	32	92.309713
ա	1377	171.741486
շ	1399	296.344280
խ	1389	158.910513
ա	1377	111.266851
տ	1407	98.320961
ո	1400	149.073362
ւ	1410	55.500746
մ	1396	193.678379
 	32	118.375301
ե	1381	202.619076
մ	1396	93.160868
,	44	168.825626
 	32	125.565529
հ	1392	112.284660
ե	1381	167.374134
տ	1407	218.306303
ո	1400	103.797674
 	32	144.433737
ն	1398	99.934816
ա	1377	155.266285
 	32	102.933407
ի	1387	126.043081
ր	1408	88.413954
 	32	126.905680
ա	1377	90.726376
ռ	1404	72.049141
ա	1377	202.291012
ջ	1403	193.694353
ա	1377	121.059418
դ	1380	120.425701
ր	1408	105.926991
ա	1377	207.016230
ն	1398	116.715908
ք	1412	121.204138
ո	1400	147.306681
վ	1406	164.890528
 	32	83.134413
գ	1379	233.103275
ր	1408	59.674978
ա	1377	142.947674
ծ	1390	148.241758
ս	1405	142.798424
 	32	100.117445
վ	1406	180.560827
ե	1381	171.324730
ր	1408	71.999073
ջ	1403	299.709797
ի	1387	120.451450
ն	1398	120.971918
 	32	179.715157
պ	1402	78.027964
ա	1377	120.330095
տ	1407	214.703321
մ	1396	198.954344
վ	1406	80.854654
ա	1377	165.166855
ծ	1390	150.362968
ք	1412	161.209106
ը	1384	61.920166
 	32	187.070608
վ	1406	88.084221
ե	1381	153.428078
ր	1408	48.955202
ա	1377	205.453634
դ	1380	197.329760
ա	1377	100.086927
ր	1408	165.969372
ձ	1393	164.940596
ր	1408	97.361565
ե	1381	107.039213
ց	1409	110.146761
,	44	76.499462
 	32	196.480274
բ	1378	96.085787
ա	1377	66.307783
յ	1397	190.741777
ց	1409	98.742008
 	32	162.184477
ո	1400	66.245794
չ	1401	303.325891
 	32	183.177233
մ	1396	204.020500
ի	1387	67.284346
 	32	202.577829
խ	1389	360.454559
ո	1400	151.706934
ս	1405	410.581112
ք	1412	91.673136
 	32	199.406862
չ	1401	188.411713
ա	1377	107.705832
ս	1405	147.845745
ա	1377	91.711044
ց	1409	466.457129
,	44	329.298258
 	32	227.253199
ե	1381	55.133581
ս	1405	1154.989481
 	32	244.831562
է	1383	151.239634
լ	1388	60.855865
 	32	115.629435
հ	1392	208.595276
ա	1377	257.966757
ր	1408	55.008888
ց	1409	190.428019
ր	1408	165.390491
ի	1387	761.601448
․	8228	305.438280
	13	100.292206
	13	102.905512
―	8213	66.850901
 	32	206.550837
Դ	1332	76.034307
ե	1381	147.698402
․	8228	61.436176
․	8228	176.555872
․	8228	136.418581
 	32	180.611372
ս	1405	111.341238
ր	1408	54.313183
ա	1377	112.081528
 	32	156.477451
մ	1396	66.735983
ա	1377	143.217325
ս	1405	264.052868
ի	1387	167.153835
՞	1374	148.857355
ն	1398	228.062630
 	32	78.060627
ի	1387	144.635916
ն	1398	94.194889
չ	1401	255.571842
 	32	190.644503
կ	1391	137.483597
ա	1377	284.154415
ս	1405	518.442869
ե	1381	148.703337
ք	1412	253.100872
։	1417	232.534647
	13	114.438057
	13	273.950815
―	8213	173.139811
 	32	520.606041
Դ	1332	124.623299
ո	1400	245.363474
ւ	1410	182.571888
 	32	59.975147
ա	1377	119.926929
ր	1408	92.951298
դ	1380	54.574490
ե	1381	69.970846
ն	1398	160.328150
 	32	155.933142
ի	1387	307.303429
ն	1398	332.452297
ք	1412	156.436443
ն	1398	117.625952
ո	1400	54.714680
ւ	1410	110.396385
ր	1408	90.689421
ո	1400	169.310808
ւ	1410	54.524899
յ	1397	66.791773
ն	1398	98.291159
 	32	163.594007
գ	1379	71.370840
ր	1408	177.365065
ո	1400	82.720041
ղ	1394	50.569534
 	32	104.018211
ե	1381	84.838867
ս	1405	131.866932
,	44	110.039949
―	8213	236.274004
 	32	200.979471
ա	1377	167.038679
ս	1405	66.951990
ա	1377	532.869577
ց	1409	127.810478
։	1417	104.389191
―	8213	186.568499
 	32	152.399778
Ա	1329	201.114893
յ	1397	110.385180
լ	1388	82.648039
և	1415	119.449139
ս	1405	93.075275
 	32	881.030321
ք	1412	197.525501
ե	1381	130.329609
զ	1382	780.649900
 	32	121.063709
ս	1405	88.990688
ո	1400	519.244432
վ	1406	318.790913
ո	1400	135.435104
ր	1408	163.617611
ե	1381	144.010782
ց	1409	164.336681
ն	1398	185.446501
ե	1381	123.178482
լ	1388	174.002647
ո	1400	75.934887
ւ	1410	138.769150
 	32	55.295706
բ	1378	270.205975
ա	1377	294.188499
ն	1398	92.910290
 	32	65.845013
չ	1401	136.680126
ո	1400	124.538660
ւ	1410	155.718327
ն	1398	72.118998
ե	1381	251.385927
մ	1396	189.810991
։	1417	177.782297
	13	365.503073
	13	202.666759
Տ	1359	79.083204
ր	1408	270.473719
ա	1377	328.127384
մ	1396	140.304804
ա	1377	155.732393
դ	1380	503.484011
ր	1408	220.256090
ո	1400	162.421942
ւ	1410	131.904602
թ	1385	116.798162
յ	1397	1253.595114
ո	1400	49.406290
ւ	1410	108.431578
ն	1398	81.817627
ս	1405	105.117798
 	32	317.338705
կ	1391	146.603584
ա	1377	85.941553
ր	1408	196.039200
գ	1379	38.646221
ի	1387	82.778692
ն	1398	303.212166
 	32	122.610807
բ	1378	185.606480
ա	1377	170.744419
ր	1408	107.535124
ձ	1393	347.527027
ա	1377	71.189880
ր	1408	247.456074
ա	1377	182.349682
ց	1409	63.306093
ա	1377	258.496046
վ	1406	138.132334
,	44	122.703075
 	32	213.219643
ա	1377	56.216717
ս	1405	95.902681
ի	1387	127.495050
․	8228	174.453974
	13	207.497358
	13	83.271742
―	8213	313.176394
 	32	175.459862
Հ	1344	89.198351
ի	1387	134.036541
մ	1396	77.789307
ա	1377	48.758030
 	32	309.910059
ի	1387	917.895317
՞	1374	140.739918
ն	1398	148.274183
չ	1401	110.728979
 	32	142.584801
ա	1377	245.451927
ն	1398	660.922527
ե	1381	165.777922
մ	1396	10247.252703
։	1417	181.583643
	13	149.894953
	13	270.811558
―	8213	211.652756
 	32	157.280445
Ի	1339	165.539265
՛	1371	253.365278
ն	1398	221.535921
ք	1412	330.599546
դ	1380	137.345314
 	32	86.088419
կ	1391	123.775482
հ	1392	1568.397999
ա	1377	194.879532
ս	1405	88.990927
կ	1391	74.931860
ա	1377	93.877316
ն	1398	461.110115
ա	1377	272.783279
ս	1405	469.612598
,	44	161.185980
―	8213	385.372400
 	32	214.494228
ա	1377	70.362329
ս	1405	212.343931
ա	1377	60.369253
ց	1409	71.872234
։	1417	173.420668
―	8213	172.529221
 	32	339.158058
Ի	1339	219.658136
ս	1405	139.732122
կ	1391	211.699009
 	32	164.954901
ա	1377	115.852356
ռ	1404	196.189165
ա	1377	122.681141
յ	1397	72.610378
ժ	1386	220.520973
մ	1396	98.064184
 	32	78.692198
գ	1379	156.935215
ն	1398	72.293997
ա	1377	38.970470
ն	1398	215.662241
ք	1412	150.210381
 	32	150.077820
գ	1379	123.712063
ա	1377	108.302832
ր	1408	105.353117
ե	1381	285.347700
ջ	1403	372.842550
ո	1400	45.159340
ւ	1410	145.298719
ր	1408	163.439751
 	32	51.377296
խ	1389	106.805086
մ	1396	73.071957
ե	1381	83.383560
լ	1388	206.498861
ո	1400	101.042986
ւ	1410	450.707436
։	1417	319.500923
	13	102.819443
	13	184.240580
Դ	1332	110.024929
ո	1400	265.943527
ւ	1410	160.425901
ր	1408	111.206770
ս	1405	61.174870
 	32	131.328344
ե	1381	164.304733
կ	1391	276.914358
ա	1377	220.364571
ն	1398	158.874750
ք	1412	143.076658
 	32	129.821301
փ	1411	151.475668
ո	1400	211.680889
ղ	1394	97.027063
ո	1400	108.093500
ց	1409	648.177862
,	44	180.614948
 	32	189.255238
գ	1379	127.723455
ն	1398	1486.458063
ա	1377	187.417984
ց	1409	194.237471
ի	1387	146.349430
ն	1398	204.713821
ք	1412	409.269571
 	32	220.853806
«	171	162.234306
Ս	1357	97.501993
ր	1408	81.060410
ա	1377	79.676390
ր	1408	81.539869
շ	1399	76.786518
ա	1377	115.840197
վ	1406	51.403046
 	32	79.874754
ձ	1393	76.345205
ի	1387	169.973612
»	187	104.861736
 	32	93.907595
պ	1402	164.920092
ա	1377	72.521925
ն	1398	118.063927
դ	1380	278.815508
ո	1400	293.068647
կ	1391	160.592318
ը	1384	234.939814
,	44	566.871166
 	32	544.067621
գ	1379	172.373295
ա	1377	101.717472
ր	1408	157.825470
ե	1381	83.923578
ջ	1403	202.887058
ո	1400	329.851389
ւ	1410	278.328657
ր	1408	207.684517
 	32	81.099272
խ	1389	109.019041
մ	1396	76.059818
ե	1381	98.876715
ց	1409	77.541828
ի	1387	60.674191
ն	1398	167.438269
ք	1412	115.878820
,	44	107.271194
 	32	216.923475
հ	1392	92.755556
ե	1381	81.800461
տ	1407	123.463154
ո	1400	82.412004
 	32	162.100554
գ	1379	49.763680
ն	1398	133.570194
դ	1380	43.099403
ի	1387	101.007462
կ	1391	135.267735
ա	1377	203.283787
խ	1389	139.558554
ա	1377	113.523722
ղ	1394	158.449411
ո	1400	147.857904
վ	1406	82.489729
 	32	410.671234
ը	1384	113.083363
ն	1398	141.760111
ա	1377	82.247496
ն	1398	244.560242
ք	1412	284.651518
,	44	316.204548
 	32	236.505032
ա	1377	458.904028
մ	1396	159.493685
ե	1381	192.444086
ն	1398	197.762251
 	32	263.092041
օ	1413	83.810091
յ	1397	382.105112
ի	1387	521.979570
ն	1398	335.704565
ի	1387	264.156103
ն	1398	201.246262
 	32	96.009254
կ	1391	410.185814
ե	1381	121.084213
ս	1405	99.027872
 	32	120.578527
ք	1412	257.497072
ր	1408	241.421461
ո	1400	154.319525
ն	1398	204.766989
 	32	187.470436
է	1383	167.196274
ի	1387	629.174471
ն	1398	2011.681080
ք	1412	227.949858
 	32	352.857590
դ	1380	217.656374
ն	1398	877.887726
ո	1400	244.981050
ւ	1410	130.149126
մ	1396	72.193623
 	32	161.225557
ո	1400	119.146109
ւ	1410	508.185148
 	32	171.705246
ն	1398	82.162142
ե	1381	94.320059
ր	1408	85.432053
խ	1389	93.936443
ո	1400	115.375757
ւ	1410	88.996410
ժ	1386	87.399244
մ	1396	131.758451
ա	1377	253.176689
ն	1398	140.363693
 	32	127.205372
մ	1396	62.412500
ա	1377	111.038923
ս	1405	189.921379
ի	1387	315.953732
ն	1398	529.375792
 	32	187.353373
խ	1389	162.421465
ո	1400	262.008190
ս	1405	87.226868
ո	1400	80.909014
ւ	1410	227.478743
մ	1396	98.773479
։	1417	461.876154
	13	147.084713
	13	211.497307
	19	220.085859
