Լ
ո	1400	307.179451
ն	1398	120.205641
դ	1380	501.055956
ո	1400	119.518757
ն	1398	159.707069
ն	1398	211.763382
 	32	71.834326
ա	1377	196.370363
շ	1399	167.540789
խ	1389	248.647451
ա	1377	137.668371
ր	1408	93.360424
հ	1392	220.645428
ի	1387	139.830351
 	32	112.253189
ա	1377	144.953251
մ	1396	85.496664
ե	1381	109.074593
ն	1398	105.249166
ա	1377	89.103460
ս	1405	237.419367
ք	1412	466.188669
ա	1377	64.546108
ն	1398	308.384180
չ	1401	173.875093
ե	1381	96.740961
լ	1388	157.986879
ի	1387	98.069191
 	32	102.182388
ք	1412	106.636763
ա	1377	87.266207
ղ	1394	222.178936
ա	1377	201.911449
ք	1412	268.884659
ն	1398	199.146509
 	32	169.262409
է	1383	121.675014
 	32	82.324028
ս	1405	101.370811
ի	1387	397.264719
ր	1408	98.100662
ա	1377	115.709066
հ	1392	147.533894
ա	1377	172.508955
ր	1408	49.551725
ն	1398	233.592272
ե	1381	1732.516050
ր	1408	236.797333
ի	1387	119.446278
 	32	81.670046
հ	1392	134.500980
ա	1377	49.999714
մ	1396	155.769587
ա	1377	76.862335
ր	1408	101.224422
։	1417	94.864607
 	32	107.363701
Ե	1333	263.593912
ս	1405	160.375595
 	32	104.863167
ո	1400	178.918600
ւ	1410	93.998671
 	32	129.772186
Ջ	1355	77.642679
ի	1387	54.301262
լ	1388	460.685730
ը	1384	109.709263
 	32	185.268164
ս	1405	215.012074
ի	1387	72.030783
ր	1408	365.892649
ո	1400	138.791800
ւ	1410	129.251719
մ	1396	134.303093
 	32	243.676424
է	1383	183.236599
ի	1387	198.746920
ն	1398	54.947615
ք	1412	1145.391464
 	32	118.834257
ն	1398	138.612747
ր	1408	81.202269
ա	1377	127.647638
 	32	149.264812
ա	1377	62.509060
մ	1396	205.500603
ե	1381	82.703352
ն	1398	204.307556
 	32	89.843750
մ	1396	84.539652
ի	1387	947.509766
 	32	215.173483
ա	1377	180.823565
ն	1398	72.468996
կ	1391	235.793352
յ	1397	143.299103
ո	1400	67.410946
ւ	1410	278.397322
ն	1398	60.403347
ը	1384	249.608040
,	44	134.577513
 	32	60.551882
ա	1377	269.931316
մ	1396	119.372845
ե	1381	189.461231
ն	1398	151.473761
 	32	129.535675
մ	1396	72.858334
ա	1377	208.484650
ն	1398	177.107573
ր	1408	180.983543
ո	1400	376.580000
ւ	1410	194.817543
ք	1412	43.145895
ի	1387	143.265724
 	32	104.455709
մ	1396	96.789122
ե	1381	77.120543
ջ	1403	80.249548
 	32	228.203535
գ	1379	154.636383
ե	1381	104.356766
ղ	1394	268.500566
ե	1381	719.712019
ց	1409	105.676651
կ	1391	126.555204
ո	1400	230.461597
ւ	1410	525.652170
թ	1385	330.850124
յ	1397	323.894501
ո	1400	181.982517
ւ	1410	104.924917
ն	1398	190.458298
 	32	98.701000
ո	1400	227.295876
ւ	1410	117.287636
 	32	244.860888
ն	1398	202.256680
ո	1400	190.874100
ւ	1410	217.212439
ր	1408	92.927456
բ	1378	98.347664
 	32	79.652309
հ	1392	88.530064
մ	1396	72.586060
ա	1377	88.468313
յ	1397	182.317972
ք	1412	62.236309
 	32	106.436491
գ	1379	94.582796
տ	1407	49.484491
ն	1398	185.930490
ո	1400	81.206083
ւ	1410	89.217424
մ	1396	274.683952
։	1417	372.562647
 	32	705.435276
Մ	1348	391.817808
ի	1387	137.173414
 	32	130.604267
կ	1391	82.720518
ի	1387	619.038582
ր	1408	202.030897
ա	1377	124.150038
կ	1391	85.508347
ի	1387	121.367693
 	32	98.287821
ա	1377	207.871199
ռ	1404	161.949873
ա	1377	126.831293
վ	1406	94.084978
ո	1400	85.890770
տ	1407	164.028168
,	44	215.777874
 	32	187.974691
Թ	1337	222.499847
ր	1408	262.697935
ա	1377	111.732483
ֆ	1414	242.540836
ա	1377	168.932676
լ	1388	156.546354
գ	1379	146.199703
ա	1377	87.815046
ր	1408	135.736704
 	32	83.858728
հ	1392	155.298948
ր	1408	83.515167
ա	1377	133.045673
պ	1402	253.139019
ա	1377	194.822788
ր	1408	120.985508
ա	1377	186.177731
կ	1391	65.434694
 	32	396.401882
գ	1379	158.969402
ա	1377	141.443968
լ	1388	429.246187
ի	1387	52.045345
ս	1405	157.276630
,	44	184.859037
 	32	55.722713
գ	1379	136.299610
լ	1388	83.232164
ո	1400	201.963902
ւ	1410	175.860643
խ	1389	89.466095
ն	1398	155.492306
ե	1381	109.393835
ր	1408	77.786922
ս	1405	108.052492
 	32	121.572971
պ	1402	99.704981
ա	1377	152.094364
տ	1407	55.917978
ա	1377	61.241150
հ	1392	78.502178
մ	1396	93.754053
ա	1377	149.014950
մ	1396	60.312033
բ	1378	200.170755
 	32	88.081360
բ	1378	132.098913
ա	1377	50.212383
ր	1408	232.414961
ձ	1393	193.655491
ր	1408	114.015579
ա	1377	83.447695
ց	1409	128.046989
ր	1408	86.488962
ի	1387	226.710081
ն	1398	77.237129
ք	1412	122.021437
 	32	100.334644
ո	1400	157.083273
ւ	1410	197.402000
 	32	93.100309
մ	1396	105.680466
ի	1387	113.829136
 	32	115.198612
բ	1378	178.209782
ա	1377	327.203274
ռ	1404	102.611780
 	32	59.176922
տ	1407	76.684237
ե	1381	151.606083
ս	1405	101.293564
ա	1377	100.232363
ն	1398	193.903208
ք	1412	166.688681
,	44	152.789593
 	32	164.101362
ո	1400	100.844145
ր	1408	89.696169
ն	1398	142.487049
 	32	50.011635
ա	1377	66.529512
ռ	1404	287.364483
ա	1377	122.023821
ջ	1403	66.581726
 	32	191.184759
է	1383	211.085558
լ	1388	99.607706
 	32	196.190119
է	1383	134.558678
ր	1408	72.458982
 	32	179.400682
շ	1399	67.386389
ա	1377	177.413464
տ	1407	94.892740
 	32	160.743713
ք	1412	76.111794
չ	1401	132.128000
ն	1398	131.479263
ե	1381	230.389833
ր	1408	67.104101
ո	1400	114.357710
վ	1406	71.987629
ս	1405	78.590870
 	32	540.609598
ը	1384	236.126423
ն	1398	112.314701
կ	1391	154.720545
ե	1381	100.427389
լ	1388	208.323717
,	44	103.680849
 	32	57.224274
բ	1378	272.035360
ա	1377	84.658384
յ	1397	110.509634
ց	1409	77.914715
 	32	155.724287
հ	1392	163.285732
ի	1387	259.852171
մ	1396	120.704174
ա	1377	86.506605
 	32	404.970407
է	1383	931.848764
ն	1398	257.540226
ք	1412	1326.133013
ա	1377	126.850605
ն	1398	107.649088
 	32	164.871454
հ	1392	89.326859
ր	1408	688.589334
ա	1377	454.463005
շ	1399	251.093626
ա	1377	152.224779
լ	1388	83.995581
ի	1387	202.927113
 	32	60.137749
թ	1385	105.757475
վ	1406	32.848358
ա	1377	72.463036
ց	1409	142.144203
՝	1373	33.510685
 	32	477.311373
չ	1401	465.227604
դ	1380	164.674044
ի	1387	60.621500
մ	1396	215.792179
ա	1377	119.388103
ց	1409	88.367701
ա	1377	553.925276
,	44	166.627884
 	32	123.644829
գ	1379	212.319851
ր	1408	99.050283
կ	1391	71.360111
ե	1381	963.390589
ց	1409	178.421974
ի	1387	139.430285
 	32	234.015226
Ջ	1355	134.395838
ի	1387	177.525759
լ	1388	142.752886
ի	1387	120.338440
ն	1398	469.424725
,	44	664.252043
 	32	65.843821
հ	1392	184.151173
ա	1377	568.431854
մ	1396	232.204914
բ	1378	236.721516
ո	1400	254.125118
ւ	1410	282.988787
ր	1408	76.269865
ե	1381	145.227432
ց	1409	156.263351
ի	1387	139.078379
 	32	160.737514
ո	1400	125.903845
ւ	1410	205.586672
 	32	82.715511
մ	1396	269.563198
ե	1381	103.820086
ր	1408	179.541588
 	32	104.607821
տ	1407	163.544416
ե	1381	71.613073
ս	1405	66.890478
ա	1377	422.244549
ծ	1390	268.075466
 	32	222.756147
բ	1378	54.133177
ա	1377	224.653959
ռ	1404	91.664791
ն	1398	438.453197
 	32	219.492674
ա	1377	58.665514
կ	1391	207.793713
ա	1377	197.552204
ն	1398	321.722507
ջ	1403	92.897177
ի	1387	80.734491
ն	1398	132.273436
 	32	161.146879
շ	1399	61.129332
շ	1399	161.915541
ն	1398	141.446114
ջ	1403	154.312611
ա	1377	94.204187
ց	1409	67.508698
ի	1387	163.847685
,	44	72.809696
 	32	65.285921
ա	1377	210.805893
ս	1405	98.697424
ե	1381	109.286308
ս	1405	65.184593
 	32	567.823410
դ	1380	43.104649
ր	1408	234.352112
ա	1377	16.851902
 	32	303.591490
մ	1396	94.020605
ե	1381	253.401995
ջ	1403	214.942694
 	32	88.225842
ա	1377	180.708170
մ	1396	82.517624
փ	1411	166.570187
ո	1400	121.199608
փ	1411	109.399796
վ	1406	89.311600
ա	1377	173.434973
ծ	1390	110.057831
 	32	173.942089
է	1383	65.789700
ի	1387	284.328938
ն	1398	174.905062
 	32	211.760998
ս	1405	151.380062
ր	1408	210.563898
տ	1407	198.100805
ի	1387	122.291327
 	32	241.713762
բ	1378	61.312437
ո	1400	202.147007
լ	1388	76.841831
ո	1400	195.541859
ր	1408	180.495262
 	32	97.999096
ն	1398	126.240969
վ	1406	79.052925
ի	1387	168.747663
ր	1408	56.614876
ա	1377	223.536730
կ	1391	87.515116
ա	1377	210.704327
ն	1398	66.289186
 	32	212.371826
գ	1379	110.013247
ա	1377	194.786310
ղ	1394	227.306604
տ	1407	180.325508
ն	1398	251.327753
ի	1387	66.517115
ք	1412	153.776646
ն	1398	103.593588
ե	1381	150.105000
ր	1408	88.686705
ը	1384	168.166876
,	44	72.890282
 	32	110.539913
ո	1400	166.562557
ր	1408	122.839928
 	32	158.824682
է	1383	74.317932
լ	1388	322.366238
 	32	442.970037
ո	1400	76.054811
չ	1401	167.652845
 	32	237.379074
մ	1396	110.438108
ի	1387	133.183002
 	32	93.354940
բ	1378	665.885448
ա	1377	143.223047
ռ	1404	122.143269
ո	1400	147.367477
վ	1406	75.814962
 	32	115.905762
չ	1401	109.228373
ե	1381	88.905573
ս	1405	79.263449
 	32	75.501680
ա	1377	73.059559
ր	1408	210.072517
տ	1407	258.470535
ա	1377	100.373745
հ	1392	105.515957
ա	1377	92.791557
յ	1397	93.703985
տ	1407	99.035025
ի	1387	106.004715
․	8228	150.467634
	13	248.798609
	13	73.265076
―	8213	119.693041
 	32	103.772879
Բ	1330	60.946941
ո	1400	197.185755
վ	1406	132.681847
ր	1408	122.113943
ի	1387	65.923929
լ	1388	214.983940
։	1417	125.787258
	13	294.979572
	13	116.858244
Հ	1344	196.912289
ե	1381	219.537735
տ	1407	200.106382
ո	1400	82.625151
 	32	471.694231
հ	1392	198.430538
ր	1408	133.476257
ա	1377	179.772377
պ	1402	78.865528
ա	1377	193.552732
ր	1408	88.196278
ա	1377	235.949993
կ	1391	128.414869
ո	1400	128.708839
ւ	1410	44.803143
մ	1396	124.907017
 	32	108.771324
ա	1377	87.638140
չ	1401	99.076509
ք	1412	202.271700
ո	1400	913.663626
վ	1406	1036.060333
ս	1405	272.810698
 	32	636.560202
ը	1384	383.818388
ն	1398	242.936134
կ	1391	195.805073
ա	1377	258.536339
ծ	1390	693.427801
 	32	233.788967
մ	1396	225.002527
ի	1387	368.847370
 	32	326.487780
ո	1400	172.061205
ւ	1410	318.407297
ր	1408	360.726118
ի	1387	110.417843
շ	1399	143.685818
 	32	158.165693
բ	1378	141.725779
ա	1377	210.658789
ն	1398	92.264891
 	32	214.198589
է	1383	81.966877
լ	1388	124.962568
 	32	99.229097
ա	1377	126.895666
կ	1391	135.401964
ա	1377	43.172359
ն	1398	172.461510
ջ	1403	63.113451
ի	1387	60.531378
ն	1398	125.211239
 	32	112.799168
շ	1399	201.518297
շ	1399	232.503891
ն	1398	164.301157
ջ	1403	105.488062
ա	1377	181.435823
ց	1409	170.318127
ի	1387	244.717598
․	8228	113.303423
	13	166.819572
	13	62.261105
―	8213	218.406677
 	32	94.128609
Ո	1352	88.336706
ւ	1410	210.021734
ր	1408	121.572256
 	32	181.019545
է	1383	146.708488
լ	1388	360.155582
 	32	335.861921
գ	1379	173.803091
ն	1398	138.183832
ա	1377	139.718771
ն	1398	50.824404
ք	1412	92.833281
,	44	78.887224
 	32	154.477596
ա	1377	84.026575
ռ	1404	88.901281
ա	1377	144.939661
ն	1398	117.492914
ց	1409	94.388008
 	32	110.125065
Մ	1348	120.510817
ո	1400	122.272491
ւ	1410	182.161093
ս	1405	98.349333
ե	1381	493.656158
ք	1412	176.051140
ի	1387	419.878960
 	32	145.143986
ո	1400	197.801590
չ	1401	186.844110
ի	1387	105.638742
ն	1398	278.468132
չ	1401	263.759136
 	32	165.748835
չ	1401	219.944715
ի	1387	180.267811
 	32	104.928017
ս	1405	487.204075
տ	1407	162.682056
ա	1377	72.810173
ց	1409	122.940302
վ	1406	86.598635
ի	1387	87.055206
։	1417	146.300554
	13	136.120319
	13	83.507061
Բ	1330	99.994183
ա	1377	97.460747
ռ	1404	147.346735
ե	1381	77.104807
ր	1408	198.395729
ը	1384	70.107698
 	32	114.935398
ա	1377	44.780254
ն	1398	138.296366
չ	1401	83.776236
ա	1377	316.601038
փ	1411	197.583914
 	32	62.627316
դ	1380	159.268856
ո	1400	209.593773
ւ	1410	318.610430
ր	1408	31.589985
 	32	144.383430
ե	1381	327.681303
կ	1391	528.329849
ա	1377	295.805693
ն	1398	224.586248
 	32	248.760223
Ջ	1355	230.744839
ի	1387	204.192877
լ	1388	426.579475
ի	1387	237.268209
ն	1398	235.859632
,	44	82.517147
 	32	290.393829
ո	1400	187.254190
ւ	1410	50.985098
 	32	210.602999
ն	1398	197.624683
ա	1377	107.720137
 	32	308.732748
փ	1411	292.496920
ս	1405	148.696899
փ	1411	660.530329
ս	1405	209.685802
ա	1377	423.904419
ց	1409	71.024895
․	8228	157.615662
	13	172.975540
	13	79.201221
―	8213	117.059231
 	32	127.857208
Ի	1339	174.826145
ն	1398	88.363886
չ	1401	207.914591
 	32	167.169571
ո	1400	116.727114
ր	1408	140.882730
 	32	87.384701
ք	1412	163.565159
ե	1381	76.807499
զ	1382	136.425018
 	32	130.290985
հ	1392	110.797644
ա	1377	119.814396
մ	1396	72.272778
ա	1377	561.206102
ր	1408	305.867910
 	32	197.724104
է	1383	99.714279
 	32	200.318336
Մ	1348	359.774590
ո	1400	94.092607
ւ	1410	519.189835
ս	1405	89.546919
ե	1381	99.433184
ք	1412	194.235086
ը	1384	133.219719
,	44	66.672325
 	32	243.296385
ն	1398	237.523317
ո	1400	362.787962
ւ	1410	291.164160
յ	1397	110.109091
ն	1398	184.005737
ն	1398	187.610388
 	32	249.442339
է	1383	154.339075
լ	1388	219.888926
՝	1373	289.257050
 	32	162.845373
ի	1387	203.478575
ն	1398	223.758221
ձ	1393	104.461670
 	32	118.370295
հ	1392	105.887175
ա	1377	94.552279
մ	1396	520.228624
ա	1377	191.125870
ր	1408	217.349768
։	1417	171.391249
	13	494.542599
	13	91.844797
Ե	1333	99.550247
ս	1405	90.536356
 	32	134.164810
ք	1412	102.083921
ա	1377	168.468714
հ	1392	155.578613
֊	1418	255.650520
ք	1412	170.605898
ա	1377	55.382490
հ	1392	169.873238
 	32	226.655483
ծ	1390	193.288803
ի	1387	141.796350
ծ	1390	238.917589
ա	1377	61.216116
ղ	1394	182.451487
ե	1381	96.547842
ց	1409	99.093437
ի	1387	159.293652
,	44	225.346565
 	32	171.087027
ա	1377	104.028225
խ	1389	202.289820
ր	1408	145.939112
 	32	111.637354
Մ	1348	263.230801
ո	1400	122.142315
ւ	1410	71.520805
ս	1405	135.846853
ե	1381	149.713278
ք	1412	118.271112
ը	1384	94.037294
 	32	120.581627
շ	1399	79.641104
ա	1377	110.336542
տ	1407	76.725245
 	32	104.973316
ծ	1390	287.178755
ի	1387	222.831964
ծ	1390	153.891087
ա	1377	190.351963
ղ	1394	202.074528
ե	1381	116.081715
լ	1388	158.119678
ի	1387	221.225500
 	32	65.908909
բ	1378	220.742226
ա	1377	259.114504
ռ	1404	191.074610
 	32	110.335112
է	1383	105.235338
,	44	301.993370
 	32	251.304865
Ջ	1355	520.471096
ի	1387	141.084194
լ	1388	235.643625
ն	1398	189.137459
 	32	181.145668
է	1383	110.569239
լ	1388	243.868351
 	32	513.453960
է	1383	222.258329
ն	1398	60.794830
ք	1412	123.560905
ա	1377	168.417215
ն	1398	535.579681
 	32	184.852123
ք	1412	270.141363
ն	1398	71.032286
ք	1412	271.014690
ո	1400	186.719418
ւ	1410	39.285421
շ	1399	169.047594
 	32	220.691919
ո	1400	199.170113
ւ	1410	157.788277
 	32	107.299805
չ	1401	224.772215
ա	1377	88.925600
ր	1408	94.084740
ա	1377	87.716103
ճ	1395	315.695763
ճ	1395	307.222843
ի	1387	525.759697
 	32	175.728798
ա	1377	519.309521
ս	1405	477.855682
ա	1377	351.066351
ց	1409	208.804369
․	8228	232.248783
	13	185.501099
	13	209.028482
―	8213	1153.393507
 	32	224.804878
Դ	1332	41.924238
ո	1400	111.334801
ւ	1410	162.837982
 	32	201.237202
ե	1381	92.966318
ս	1405	140.392065
 	32	205.601931
ի	1387	123.329878
մ	1396	77.462435
 	32	514.894247
Մ	1348	289.237261
ո	1400	234.704256
ւ	1410	225.203276
ս	1405	89.626551
ե	1381	215.377808
ք	1412	94.758987
ը	1384	105.099916
,	44	563.238621
―	8213	150.273561
 	32	118.033171
շ	1399	177.068233
շ	1399	130.428076
ն	1398	81.354380
ջ	1403	253.809929
ա	1377	141.619921
ց	1409	218.283415
ի	1387	237.193108
։	1417	63.188314
	13	290.293932
	13	144.433022
―	8213	202.382088
 	32	77.384710
Ի	1339	77.662706
մ	1396	198.690653
ն	1398	153.388262
 	32	94.237328
է	1383	432.288647
լ	1388	144.730568
՝	1373	135.568619
 	32	359.559298
դ	1380	374.404907
ո	1400	244.137049
ւ	1410	118.241072
,	44	119.630575
―	8213	111.227274
 	32	185.616016
շ	1399	181.556940
շ	1399	638.018370
ն	1398	184.659481
ջ	1403	591.052532
ա	1377	140.221596
ց	1409	301.765919
 	32	49.238443
Ջ	1355	3232.580185
ի	1387	115.094423
լ	1388	706.959963
ը	1384	225.005388
։	1417	95.565557
	13	614.814520
	13	252.693415
Ի	1339	1059.855700
ն	1398	172.021866
չ	1401	123.497486
ք	1412	193.314075
ա	1377	87.167978
ն	1398	84.189177
 	32	133.000612
ա	1377	176.831722
զ	1382	105.213404
ա	1377	104.521990
տ	1407	194.971323
 	32	61.270237
ժ	1386	205.822945
ա	1377	209.365129
մ	1396	122.867346
ա	1377	162.881851
ն	1398	252.896786
ա	1377	167.057037
կ	1391	145.220757
 	32	883.427858
է	1383	194.770098
ի	1387	381.621599
 	32	448.038578
ո	1400	181.303263
ւ	1410	249.830961
ն	1398	159.469843
ե	1381	248.603344
ն	1398	155.148506
ո	1400	248.385906
ւ	1410	503.659964
մ	1396	136.563540
,	44	315.510750
 	32	270.386696
գ	1379	141.665697
ն	1398	548.914433
ո	1400	4897.564650
ւ	1410	4987.704277
մ	1396	200.527668
 	32	188.569307
է	1383	225.396872
ի	1387	188.706636
ն	1398	77.556133
ք	1412	172.319412
 	32	98.000526
մ	1396	83.116293
ա	1377	361.579180
ն	1398	124.578476
 	32	144.976139
գ	1379	152.047634
ա	1377	180.832386
լ	1388	102.859735
ո	1400	347.512960
ւ	1410	506.495714
։	1417	162.017345
 	32	254.624605
Մ	1348	157.427788
ի	1387	429.394722
 	32	440.926790
ի	1387	224.017620
ր	1408	221.711636
ի	1387	137.419224
կ	1391	531.591654
ո	1400	189.032316
ւ	1410	167.937040
ն	1398	194.469213
 	32	285.298347
է	1383	270.643950
լ	1388	160.048008
 	32	435.928583
Ջ	1355	215.566874
ի	1387	175.364256
լ	1388	148.716688
ի	1387	178.826094
 	32	76.582432
պ	1402	64.238787
ա	1377	345.878124
տ	1407	218.424559
ր	1408	225.630522
ա	1377	61.670303
ս	1405	128.430367
տ	1407	261.721849
ա	1377	131.217241
ծ	1390	136.821032
 	32	93.548536
ը	1384	99.999666
ն	1398	94.200134
թ	1385	104.946613
ր	1408	95.144987
ի	1387	248.415232
ք	1412	251.081705
ը	1384	89.339495
 	32	156.221151
կ	1391	78.247309
ե	1381	168.558121
ր	1408	80.349445
ա	1377	111.389160
ն	1398	172.754288
ք	1412	82.179546
 	32	194.663286
ո	1400	206.471443
ւ	1410	94.504595
 	32	229.460478
դ	1380	61.770916
ո	1400	120.676279
ւ	1410	67.629576
ր	1408	176.027775
ս	1405	38.908243
 	32	120.969057
ե	1381	89.629412
կ	1391	153.364182
ա	1377	79.220533
ն	1398	87.719202
ք	1412	103.065729
 	32	144.535303
թ	1385	72.063208
ա	1377	71.985960
փ	1411	132.642031
ա	1377	55.991888
ռ	1404	65.793514
ե	1381	129.251957
լ	1388	39.279222
ո	1400	290.825367
ւ	1410	182.506800
,	44	232.940674
 	32	389.509678
Թ	1337	201.259613
ր	1408	230.561495
ա	1377	285.552025
ֆ	1414	1099.442482
ա	1377	194.558620
լ	1388	183.570862
գ	1379	152.445316
ա	1377	142.665625
ր	1408	74.938059
 	32	158.244610
հ	1392	72.503805
ր	1408	82.614660
ա	1377	100.080729
պ	1402	70.143938
ա	1377	378.896952
ր	1408	312.771559
ա	1377	237.885952
կ	1391	72.231531
ո	1400	109.208822
վ	1406	564.742804
 	32	106.558084
գ	1379	115.445137
ն	1398	406.885624
ա	1377	139.303207
ց	1409	60.664177
ի	1387	187.634230
ն	1398	111.436605
ք	1412	168.314695
 	32	140.344381
հ	1392	281.295061
ա	1377	191.555500
ս	1405	142.174006
ա	1377	176.544666
ն	1398	147.897959
ք	1412	185.166121
 	32	81.593275
մ	1396	134.380102
ե	1381	227.993965
տ	1407	85.409641
ր	1408	97.189665
ո	1400	98.842621
յ	1397	113.831758
ի	1387	87.230206
 	32	103.788614
Չ	1353	115.437984
ե	1381	61.655283
ր	1408	78.590870
ի	1387	150.973320
ն	1398	160.181522
գ	1379	55.183887
 	32	172.854424
Ք	1364	90.686321
ր	1408	130.265236
ո	1400	88.299513
ս	1405	125.870705
 	32	99.344015
կ	1391	93.193054
ա	1377	107.831955
յ	1397	98.995209
ա	1377	196.760178
ր	1408	248.602629
ա	1377	246.258736
ն	1398	252.388000
ը	1384	76.963186
,	44	210.447550
 	32	166.315079
Ս	1357	27.762890
թ	1385	124.463797
ր	1408	254.411221
ե	1381	82.964897
ն	1398	460.411549
դ	1380	121.999025
 	32	370.534897
փ	1411	482.158899
ո	1400	49.720764
ղ	1394	167.098284
ո	1400	218.590736
ց	1409	54.651260
ո	1400	157.228947
վ	1406	77.684402
 	32	427.219868
ի	1387	177.494764
ջ	1403	89.323044
ա	1377	134.144545
ն	1398	93.967199
ք	1412	94.727755
 	32	153.975248
մ	1396	327.524424
ի	1387	121.655464
ն	1398	184.875011
չ	1401	133.993387
և	1415	881.783485
 	32	165.927172
Վ	1358	90.065718
ա	1377	129.516840
թ	1385	127.588511
ե	1381	166.862249
ր	1408	95.402479
լ	1388	137.002945
ո	1400	161.643982
յ	1397	49.518347
ի	1387	132.395744
 	32	162.837505
կ	1391	146.622896
ա	1377	105.814457
մ	1396	99.186420
ո	1400	168.029547
ւ	1410	192.806721
ր	1408	117.715359
ջ	1403	112.153292
,	44	100.155115
 	32	125.969410
հ	1392	104.027987
ե	1381	77.435255
տ	1407	338.364840
ո	1400	296.646357
 	32	285.911560
կ	1391	180.363894
ա	1377	181.068182
մ	1396	114.075184
ո	1400	92.966080
ւ	1410	562.072515
ր	1408	739.888668
ջ	1403	148.767948
ն	1398	219.648600
 	32	3432.061672
ա	1377	218.029976
ն	1398	137.611628
ց	1409	328.984022
ա	1377	343.411684
ն	1398	295.047283
ք	1412	130.391836
 	32	191.215038
ո	1400	179.406166
ւ	1410	297.788620
 	32	33.468246
հ	1392	364.053488
ի	1387	430.546999
ն	1398	316.338062
 	32	123.842001
փ	1411	134.793520
ո	1400	96.767664
ղ	1394	100.954533
ո	1400	305.435419
ց	1409	193.429708
ն	1398	460.488081
ե	1381	202.625990
ր	1408	213.063478
ո	1400	105.310202
վ	1406	154.671192
 	32	183.608055
ե	1381	509.343624
կ	1391	303.082943
ա	1377	193.169832
ն	1398	109.282732
ք	1412	104.912996
,	44	100.922823
 	32	109.872341
Ի	1339	97.604036
մ	1396	187.821627
փ	1411	129.648924
ի	1387	173.240662
ր	1408	83.410740
ի	1387	321.533918
ը	1384	231.986284
լ	1388	325.753450
 	32	232.867479
Հ	1344	93.750238
ա	1377	177.396297
ո	1400	192.057610
ւ	1410	106.075287
ս	1405	232.041836
 	32	3021.258116
պ	1402	156.601667
ա	1377	100.877047
լ	1388	130.324841
ա	1377	128.132105
տ	1407	106.178999
ի	1387	128.150702
ն	1398	147.110701
 	32	230.161905
դ	1380	87.822676
ե	1381	759.406567
մ	1396	125.042439
 	32	94.039679
ա	1377	102.976561
ռ	1404	140.553474
ա	1377	297.388315
ն	1398	119.881630
ք	1412	108.344078
․	8228	136.359453
 	32	103.060722
ա	1377	130.836487
մ	1396	307.609797
բ	1378	117.212534
ո	1400	60.437679
ղ	1394	137.688398
ջ	1403	107.205391
 	32	129.124641
շ	1399	89.201927
ե	1381	138.033867
ն	1398	103.919506
ք	1412	106.845617
ը	1384	142.903090
 	32	55.199385
ք	1412	92.000961
ա	1377	158.319473
յ	1397	53.007364
ք	1412	199.037552
ա	1377	72.171926
յ	1397	257.750034
վ	1406	193.507910
ե	1381	209.391356
լ	1388	195.957422
,	44	186.392307
 	32	110.925198
ա	1377	119.161367
վ	1406	92.785358
ե	1381	148.098230
ր	1408	66.037178
վ	1406	109.615803
ե	1381	146.259546
լ	1388	112.801552
 	32	89.391232
է	1383	102.815390
ր	1408	116.569996
 	32	252.216578
ժ	1386	66.668749
ա	1377	260.468245
մ	1396	172.515631
ա	1377	289.658308
ն	1398	271.322012
ա	1377	462.375402
կ	1391	421.160698
ի	1387	555.995941
 	32	289.465904
ո	1400	93.255043
ւ	1410	611.799240
 	32	126.590014
ռ	1404	239.304066
ո	1400	93.250275
ւ	1410	118.604660
մ	1396	89.307070
բ	1378	263.137579
ե	1381	144.351244
ր	1408	114.824772
ի	1387	106.402159
 	32	192.219257
հ	1392	144.286394
ա	1377	150.902987
ս	1405	111.517191
ց	1409	54.933548
ր	1408	181.305647
ա	1377	88.377714
ծ	1390	65.580845
 	32	121.986866
վ	1406	59.747458
ն	1398	131.851196
ա	1377	83.383083
ս	1405	110.788345
ի	1387	238.140345
ց	1409	217.418432
,	44	80.178499
 	32	243.880987
բ	1378	131.065607
ա	1377	206.361532
յ	1397	220.811367
ց	1409	292.928457
 	32	122.059584
չ	1401	276.180029
ն	1398	189.666748
ա	1377	125.594139
յ	1397	115.761518
ա	1377	127.687931
ծ	1390	69.023132
 	32	792.478085
ա	1377	207.264662
վ	1406	122.253895
ե	1381	196.112394
ր	1408	181.003332
մ	1396	81.522226
ո	1400	180.870295
ւ	1410	708.511591
ն	1398	131.174564
ք	1412	93.970299
ի	1387	379.412174
ն	1398	482.700348
 	32	202.254295
ո	1400	490.534544
ւ	1410	94.268322
 	32	180.598259
լ	1388	173.004866
ք	1412	367.550135
վ	1406	125.066996
ա	1377	427.831173
ծ	1390	169.924498
ո	1400	121.567726
ւ	1410	87.138176
թ	1385	105.521441
յ	1397	196.241140
ա	1377	89.718819
ն	1398	941.262245
ը	1384	118.544102
,	44	110.484838
 	32	120.949030
դ	1380	95.286846
ե	1381	104.223728
ռ	1404	120.803356
 	32	175.834417
հ	1392	125.835657
պ	1402	82.529545
ա	1377	16.568184
ր	1408	635.689974
տ	1407	297.941208
 	32	131.742954
կ	1391	209.449053
ա	1377	88.569880
ն	1398	447.676420
գ	1379	83.051682
ն	1398	105.591297
ա	1377	198.557377
ծ	1390	107.423782
 	32	174.488544
է	1383	126.132965
ր	1408	181.468248
,	44	104.653358
 	32	709.731579
ի	1387	126.555920
ն	1398	112.399817
չ	1401	292.337656
պ	1402	98.199368
ե	1381	158.021450
ս	1405	139.300346
 	32	67.420483
1	49	172.723532
6	54	144.123793
6	54	99.028587
5	53	93.777180
 	32	308.134794
թ	1385	169.239521
վ	1406	192.354202
ի	1387	67.428589
ն	1398	110.333681
,	44	55.948734
 	32	56.299925
ե	1381	83.666325
ր	1408	116.896629
բ	1378	194.598198
 	32	197.349548
կ	1391	89.025259
ա	1377	99.015474
ռ	1404	114.527464
ո	1400	166.931868
ւ	1410	79.266787
ց	1409	129.351854
վ	1406	336.576939
ե	1381	129.278183
լ	1388	119.183064
 	32	251.150370
է	1383	144.290686
ր	1408	61.927557
,	44	192.912817
 	32	376.141071
մ	1396	131.614447
ի	1387	162.178755
 	32	76.938629
խ	1389	89.191914
ո	1400	87.556362
ս	1405	71.984529
ք	1412	163.627863
ո	1400	197.029591
վ	1406	228.767157
,	44	60.680151
 	32	127.828121
ե	1381	161.405563
ղ	1394	116.119146
ե	1381	96.232414
լ	1388	103.764534
 	32	113.156319
ո	1400	82.746744
ւ	1410	177.843809
 	32	238.240719
դ	1380	88.227034
ե	1381	151.270390
ռ	1404	209.307194
 	32	54.812193
մ	1396	191.896915
ն	1398	227.026939
ո	1400	424.601555
ւ	1410	110.657454
մ	1396	61.202526
 	32	174.347639
է	1383	105.826139
ր	1408	138.209343
 	32	88.129520
Ի	1339	116.245031
մ	1396	76.702356
փ	1411	84.297180
ի	1387	81.711054
ր	1408	219.319582
ի	1387	143.239737
ը	1384	126.941204
լ	1388	201.892138
 	32	298.333168
Հ	1344	89.768410
ա	1377	264.792919
ո	1400	157.792807
ւ	1410	143.884659
ս	1405	173.370123
։	1417	92.519283
 	32	157.521248
Է	1335	65.970421
ս	1405	378.005028
տ	1407	358.116388
ե	1381	198.695183
ղ	1394	232.036114
ի	1387	284.491062
ց	1409	197.650433
 	32	236.371994
շ	1399	110.181808
ա	1377	154.299736
ր	1408	315.382719
ժ	1386	103.365660
վ	1406	728.885412
ե	1381	123.377800
ց	1409	101.504564
ի	1387	131.821394
ն	1398	188.714743
ք	1412	76.917410
 	32	83.656311
Թ	1337	122.993946
ե	1381	104.058981
մ	1396	104.400873
զ	1382	184.869766
ա	1377	148.990631
յ	1397	120.250463
ի	1387	66.395044
 	32	114.727736
ն	1398	147.718430
ա	1377	254.638195
վ	1406	69.725752
ա	1377	218.047619
շ	1399	110.046864
ի	1387	26.642084
ն	1398	248.820305
ա	1377	79.091311
ր	1408	190.016031
ա	1377	208.005190
ն	1398	188.872814
ն	1398	175.376177
ե	1381	131.579399
ր	1408	49.773693
ի	1387	155.011654
 	32	184.446335
կ	1391	208.862305
ո	1400	88.370800
ղ	1394	99.259615
մ	1396	45.019865
ը	1384	117.049932
․	8228	82.578421
 	32	161.264181
ն	1398	168.919325
ե	1381	77.188730
ղ	1394	97.470999
լ	1388	189.840794
ի	1387	163.443804
կ	1391	102.488041
,	44	65.830231
 	32	194.801331
ա	1377	56.303978
մ	1396	89.298964
ա	1377	115.388393
յ	1397	59.801340
ի	1387	239.869118
 	32	188.289642
փ	1411	239.614248
ո	1400	221.753597
ղ	1394	434.076071
ո	1400	763.756752
ց	1409	428.759336
ն	1398	267.917395
ե	1381	71.938753
ր	1408	308.195829
ը	1384	139.528036
 	32	258.982897
մ	1396	104.613304
ե	1381	119.655848
ր	1408	392.781019
 	32	251.778364
ա	1377	780.382395
չ	1401	257.051229
ք	1412	288.725376
ի	1387	55.155993
ն	1398	221.347809
 	32	115.826607
չ	1401	102.972984
ք	1412	71.101665
ն	1398	639.415264
ա	1377	173.541784
ղ	1394	88.950634
 	32	225.047588
պ	1402	70.867300
ա	1377	163.642406
ր	1408	146.710396
տ	1407	92.431784
ե	1381	182.516575
զ	1382	123.741150
ն	1398	213.383436
ե	1381	385.359287
ր	1408	244.186878
 	32	136.230707
է	1383	314.580202
ի	1387	189.447641
ն	1398	97.478628
 	32	80.061674
թ	1385	44.712067
վ	1406	196.783781
ո	1400	77.448845
ւ	1410	163.150549
մ	1396	78.050137
․	8228	363.851070
 	32	585.675478
Բ	1330	198.598146
ե	1381	109.703302
ն	1398	145.285130
ք	1412	132.011175
ս	1405	103.680611
ա	1377	187.736750
յ	1397	109.108925
դ	1380	89.439631
ո	1400	170.359373
վ	1406	121.461868
 	32	1655.028820
հ	1392	175.887585
ա	1377	161.795855
ս	1405	1164.874077
ա	1377	224.582195
ն	1398	178.127289
ք	1412	161.191702
 	32	1302.906036
մ	1396	380.313873
ի	1387	127.272129
ն	1398	111.262798
չ	1401	77.942371
և	1415	147.984028
 	32	55.732250
Ք	1364	160.329580
լ	1388	93.862534
ի	1387	190.612078
ն	1398	160.552263
ք	1412	208.734989
 	32	287.777901
փ	1411	190.637350
ո	1400	136.284590
ղ	1394	102.632999
ո	1400	232.554913
ց	1409	113.242388
,	44	87.932348
 	32	211.267471
հ	1392	210.750103
ե	1381	82.855701
տ	1407	225.736856
ո	1400	95.811844
 	32	335.898876
է	1383	232.017517
լ	1388	110.951900
 	32	64.650536
Բ	1330	279.360294
լ	1388	1105.795622
ե	1381	235.832214
ք	1412	212.346315
ֆ	1414	196.919441
ր	1408	131.772518
ա	1377	105.687380
յ	1397	130.255222
ը	1384	141.508102
ր	1408	363.639593
զ	1382	308.605671
ի	1387	76.832056
 	32	289.221287
կ	1391	149.658203
ա	1377	135.906458
մ	1396	71.534872
ր	1408	125.684738
ջ	1403	82.563877
ի	1387	149.263382
 	32	93.471289
մ	1396	153.347731
ո	1400	71.552992
տ	1407	202.296972
ո	1400	319.924831
վ	1406	232.722759
 	32	167.062521
գ	1379	261.683941
ն	1398	109.051228
ա	1377	266.319036
ց	1409	77.288151
ի	1387	110.351801
ն	1398	96.915245
ք	1412	74.555874
 	32	213.773966
դ	1380	117.428780
ե	1381	122.245550
պ	1402	71.532249
ի	1387	79.106569
 	32	194.036245
Ս	1357	93.831301
ե	1381	175.635338
յ	1397	72.828054
ն	1398	126.097202
թ	1385	216.008902
 	32	161.005259
Մ	1348	99.414349
ե	1381	182.406664
ր	1408	218.418121
ի	1387	210.155010
 	32	844.000101
Օ	1365	269.928694
վ	1406	108.668804
ը	1384	576.963663
ր	1408	254.563570
ի	1387	193.454504
ի	1387	144.609690
 	32	216.454268
ն	1398	368.760347
ա	1377	208.700895
վ	1406	179.410219
ա	1377	169.715881
մ	1396	98.748922
ա	1377	165.276051
տ	1407	147.957087
ո	1400	281.334639
ւ	1410	83.828688
յ	1397	165.166378
ց	1409	93.532324
ը	1384	117.584705
,	44	149.345875
 	32	78.821421
ո	1400	174.638748
ւ	1410	115.465879
 	32	220.104694
Ա	1329	88.037729
ռ	1404	440.752029
ա	1377	171.524048
ջ	1403	61.298370
ի	1387	175.107479
ն	1398	149.442434
 	32	357.576370
Լ	1340	75.956821
ո	1400	106.986284
ն	1398	446.228504
դ	1380	218.339443
ո	1400	207.396507
ն	1398	206.385374
յ	1397	151.570797
ա	1377	143.631935
ն	1398	77.229738
 	32	209.792137
կ	1391	43.901443
ա	1377	43.747663
մ	1396	132.826090
ր	1408	98.202229
ջ	1403	161.204815
ի	1387	99.073172
 	32	69.731712
մ	1396	318.064928
ո	1400	264.135599
տ	1407	449.732780
ե	1381	465.157032
ր	1408	327.184677
ք	1412	193.849564
ո	1400	135.819197
ւ	1410	157.441378
մ	1396	646.643400
 	32	227.610350
մ	1396	228.489161
ի	1387	161.911249
 	32	99.160910
բ	1378	202.714205
ն	1398	114.118576
ի	1387	155.550957
կ	1391	439.373732
 	32	297.922850
լ	1388	89.180946
ո	1400	520.367622
ն	1398	809.803247
դ	1380	127.838850
ո	1400	384.916544
ն	1398	121.171236
ց	1409	200.169563
ի	1387	169.625998
 	32	289.943933
մ	1396	125.090837
ե	1381	82.664251
զ	1382	109.879971
 	32	132.477760
տ	1407	166.734457
ա	1377	82.710981
ր	1408	148.026705
ա	1377	128.522873
վ	1406	169.332266
,	44	295.596838
 	32	181.371927
ա	1377	93.847752
պ	1402	281.919956
ա	1377	227.586031
ս	1405	540.879011
տ	1407	177.504063
ա	1377	227.178097
ր	1408	139.392614
ա	1377	244.834661
ն	1398	175.854445
ը	1384	93.788385
 	32	166.818380
ց	1409	59.708595
ո	1400	279.435873
ւ	1410	290.002108
յ	1397	397.471428
ց	1409	398.342371
 	32	258.878946
տ	1407	212.497473
վ	1406	115.645409
ե	1381	216.539145
ց	1409	116.369724
,	44	167.773485
 	32	55.633783
ո	1400	289.428711
ր	1408	476.565599
տ	1407	1772.983074
ե	1381	133.295298
ղ	1394	162.591219
 	32	132.535696
ռ	1404	66.809416
մ	1396	169.167042
բ	1378	111.098051
ա	1377	131.339312
կ	1391	238.993645
ո	1400	63.153505
ծ	1390	95.260620
ո	1400	105.404615
ւ	1410	34.566164
թ	1385	343.539476
յ	1397	316.565514
ա	1377	66.849709
ն	1398	201.484203
 	32	76.133966
տ	1407	187.520027
ա	1377	72.057247
կ	1391	673.833132
 	32	156.817436
ը	1384	128.229141
ն	1398	130.465746
կ	1391	138.878584
ա	1377	95.429182
ծ	1390	158.145189
 	32	135.473013
հ	1392	133.061171
ի	1387	85.314035
ն	1398	342.105865
գ	1379	124.895334
 	32	121.599674
հ	1392	242.112637
ա	1377	243.728638
ր	1408	108.333588
յ	1397	84.152222
ո	1400	194.665670
ւ	1410	82.801342
ր	1408	150.595665
 	32	137.227774
ը	1384	135.718346
ն	1398	117.197275
տ	1407	221.474648
ա	1377	70.952415
ն	1398	176.057100
ի	1387	35.300970
ք	1412	247.997761
ն	1398	179.234982
ե	1381	72.135925
ր	1408	196.256161
 	32	99.514961
է	1383	357.885122
ի	1387	175.529242
ն	1398	45.776606
 	32	275.751114
ծ	1390	111.157417
վ	1406	105.435610
ա	1377	109.583378
ր	1408	150.519848
ե	1381	78.194618
լ	1388	272.419214
 	32	131.651640
պ	1402	81.588984
ա	1377	189.945221
տ	1407	83.041430
ե	1381	234.570980
ր	1408	71.283340
ը	1384	181.933165
 	32	60.877323
ս	1405	100.946665
պ	1402	102.433205
ի	1387	131.304979
տ	1407	367.513657
ա	1377	77.250957
կ	1391	114.574432
ե	1381	103.967667
ց	1409	133.881569
ր	1408	68.170547
ա	1377	6046.121120
ծ	1390	78.086853
 	32	160.785198
գ	1379	97.759247
ե	1381	128.235340
տ	1407	194.077969
ն	1398	62.498093
ա	1377	151.487589
խ	1389	101.500988
ո	1400	93.130827
ր	1408	175.374508
շ	1399	93.631983
ե	1381	148.522139
ր	1408	141.292810
ո	1400	214.346886
ւ	1410	126.739264
մ	1396	160.140753
՝	1373	82.765102
 	32	183.367491
ս	1405	369.826555
պ	1402	123.015165
ա	1377	196.577549
ս	1405	122.026443
ե	1381	154.643774
լ	1388	50.900698
ո	1400	259.474277
վ	1406	86.917162
 	32	402.673960
պ	1402	354.553461
ա	1377	70.582151
տ	1407	174.268484
ե	1381	475.012779
ր	1408	72.074890
ա	1377	171.976566
զ	1382	120.176315
մ	1396	163.758993
ի	1387	134.881973
 	32	138.883591
վ	1406	76.029062
ե	1381	110.196352
ր	1408	93.038559
ջ	1403	98.487139
ա	1377	70.079565
ն	1398	78.195333
ա	1377	68.127871
լ	1388	78.788996
ո	1400	65.139055
ւ	1410	327.409267
ն	1398	164.781809
։	1417	166.122437
 	32	112.403393
Ն	1350	161.507368
ա	1377	76.926708
 	32	226.101875
մ	1396	88.622808
ե	1381	165.614843
զ	1382	106.416702
 	32	50.286770
պ	1402	143.305063
ա	1377	87.261200
տ	1407	590.734005
մ	1396	193.079472
ե	1381	88.793755
ց	1409	87.976217
 	32	165.666342
Գ	1331	67.255259
ա	1377	224.200487
յ	1397	163.712502
ի	1387	552.205324
 	32	84.512949
հ	1392	102.458239
ի	1387	116.254807
վ	1406	110.657215
ա	1377	235.470295
ն	1398	132.018805
դ	1380	958.890200
ա	1377	121.607780
ն	1398	140.583754
ո	1400	94.680786
ց	1409	113.149405
ի	1387	145.958662
 	32	163.319826
ո	1400	67.243576
ւ	1410	227.946758
 	32	122.834921
հ	1392	60.165405
ե	1381	116.247416
ն	1398	125.568867
ց	1409	140.638113
 	32	77.425718
ի	1387	213.096380
ր	1408	80.705881
՝	1373	107.094288
 	32	220.417738
Գ	1331	89.158058
ա	1377	176.535845
յ	1397	66.724777
ի	1387	314.482450
 	32	287.191153
մ	1396	417.874813
ա	1377	179.483652
ս	1405	65.384388
ի	1387	146.487951
ն	1398	274.296999
,	44	376.049757
 	32	257.559776
ո	1400	276.595831
ր	1408	139.244318
ն	1398	135.876179
 	32	145.767212
ա	1377	124.373198
մ	1396	196.604967
բ	1378	71.712732
ո	1400	324.862719
ղ	1394	202.001810
ջ	1403	99.802494
 	32	102.296591
կ	1391	134.991169
յ	1397	237.437487
ա	1377	358.456373
ն	1398	126.979351
ք	1412	301.734924
ո	1400	150.492907
ւ	1410	179.498196
մ	1396	151.464701
 	32	426.160336
ա	1377	187.219381
շ	1399	98.268270
խ	1389	160.198450
ա	1377	328.042984
ր	1408	150.284052
հ	1392	99.330187
ի	1387	52.368164
 	32	181.841373
ա	1377	126.709700
մ	1396	99.168777
ե	1381	98.266125
ն	1398	86.176634
ա	1377	192.267895
ժ	1386	43.171406
լ	1388	177.872658
ա	1377	69.008589
տ	1407	198.707342
 	32	71.348429
մ	1396	164.498568
ա	1377	134.036779
ր	1408	111.688852
դ	1380	60.406685
ն	1398	296.640873
 	32	147.593498
է	1383	104.763985
 	32	127.271652
ե	1381	188.011646
ղ	1394	98.580122
ե	1381	96.042395
լ	1388	120.293856
․	8228	102.697849
 	32	68.075180
թ	1385	164.818287
ե	1381	236.421824
 	32	177.332163
շ	1399	178.840399
ա	1377	319.908619
տ	1407	207.599878
 	32	408.969641
ե	1381	138.482094
ն	1398	67.019463
 	32	114.142656
պ	1402	170.116901
ն	1398	102.252722
դ	1380	222.832918
ե	1381	115.582705
ր	1408	135.515928
ե	1381	72.190285
ս	1405	74.491739
ո	1400	123.996735
ւ	1410	82.560539
թ	1385	179.628611
յ	1397	145.874262
ո	1400	577.669621
ւ	1410	256.690741
ն	1398	133.133650
 	32	88.543653
ա	1377	61.389208
ր	1408	390.205622
ե	1381	211.943626
լ	1388	281.022072
,	44	72.349310
 	32	110.431910
ն	1398	119.115829
ո	1400	98.311901
ր	1408	224.467993
 	32	115.938663
մ	1396	167.255640
ի	1387	107.372522
 	32	68.617344
կ	1391	147.754192
ե	1381	72.218180
ր	1408	65.896034
պ	1402	159.465551
,	44	86.753130
 	32	121.563196
մ	1396	71.091890
ի	1387	181.127310
 	32	106.289625
կ	1391	234.377861
ե	1381	197.525263
ր	1408	128.091335
պ	1402	476.237774
 	32	120.237350
հ	1392	117.733240
յ	1397	88.627100
ո	1400	66.211462
ւ	1410	242.328167
ր	1408	104.840517
 	32	62.535286
է	1383	66.008329
 	32	128.195763
ը	1384	214.354992
ն	1398	65.668821
դ	1380	99.935293
ո	1400	125.931978
ւ	1410	198.805094
ն	1398	71.060896
ե	1381	76.354265
լ	1388	135.774851
,	44	94.063759
 	32	142.960072
բ	1378	240.146399
ա	1377	247.684479
յ	1397	92.983484
ց	1409	166.750431
 	32	140.964270
հ	1392	112.788200
ե	1381	100.569248
ն	1398	101.625443
ց	1409	174.915314
 	32	66.840887
հ	1392	186.342239
յ	1397	50.217867
ո	1400	130.436897
ւ	1410	149.145365
ր	1408	382.844925
ը	1384	245.763063
 	32	134.738922
ն	1398	225.077629
ս	1405	104.364872
տ	1407	116.813898
ե	1381	436.717987
լ	1388	234.815598
 	32	91.134071
է	1383	113.420486
,	44	98.685980
 	32	324.387789
ն	1398	247.955322
ա	1377	180.410624
 	32	99.203348
ա	1377	144.595146
ն	1398	187.081099
մ	1396	47.030687
ի	1387	120.660305
ջ	1403	61.965227
ա	1377	143.721104
պ	1402	368.211746
ե	1381	197.588921
ս	1405	72.033167
 	32	92.518091
մ	1396	124.025583
ո	1400	172.762632
մ	1396	198.154926
ը	1384	190.263987
 	32	105.261326
հ	1392	221.968412
ա	1377	125.369549
ն	1398	134.013891
գ	1379	185.089111
ց	1409	78.092337
ր	1408	210.900068
ե	1381	65.204620
լ	1388	81.801891
 	32	83.421230
է	1383	112.165689
 	32	101.188421
ի	1387	83.440781
ն	1398	136.921883
չ	1401	353.176832
 	32	216.706753
է	1383	204.632521
՝	1373	99.815845
 	32	192.363739
ի	1387	166.150808
զ	1382	75.808764
ո	1400	203.691483
ւ	1410	239.083290
ր	1408	79.902887
 	32	120.468378
ճ	1395	74.538231
ր	1408	101.076126
ա	1377	60.775995
գ	1379	171.596766
ո	1400	84.159613
ւ	1410	38.509846
 	32	159.838438
չ	1401	92.636108
ծ	1390	134.746790
ա	1377	225.255489
խ	1389	125.816822
ս	1405	203.045130
ի	1387	142.515182
,	44	116.056681
 	32	50.036192
ո	1400	228.431225
ւ	1410	90.945959
 	32	50.329924
հ	1392	233.922243
յ	1397	88.122368
ո	1400	90.188980
ւ	1410	197.477341
ր	1408	318.336964
ը	1384	364.140511
 	32	226.813555
մ	1396	51.819086
ն	1398	184.662104
ա	1377	104.603052
ց	1409	72.939157
ե	1381	199.814796
լ	1388	89.325190
 	32	99.710464
է	1383	209.080935
 	32	59.581041
խ	1389	248.492956
ա	1377	179.155827
վ	1406	97.382307
ա	1377	74.887753
ր	1408	166.018724
ո	1400	105.306387
ւ	1410	62.110901
մ	1396	110.638142
 	32	155.732393
ն	1398	177.435875
ս	1405	92.205286
տ	1407	179.137230
ա	1377	66.402674
ծ	1390	179.930449
․	8228	100.806713
 	32	109.692812
վ	1406	191.952705
ա	1377	60.286283
ղ	1394	117.556334
ո	1400	60.500383
ւ	1410	68.173647
ց	1409	107.794285
վ	1406	87.436914
ա	1377	123.959303
 	32	119.518995
պ	1402	71.917534
ա	1377	82.437515
տ	1407	99.152088
մ	1396	166.016579
ո	1400	213.337898
ւ	1410	120.476723
թ	1385	77.861309
յ	1397	152.992249
ո	1400	165.770769
ւ	1410	60.367346
ն	1398	202.741623
 	32	148.088932
է	1383	188.697577
։	1417	43.053150
 	32	113.160610
Ի	1339	84.409952
ս	1405	120.367050
կ	1391	140.595913
 	32	82.300901
մ	1396	173.406839
ե	1381	81.688643
ռ	1404	114.241600
ն	1398	130.453587
ե	1381	98.106623
լ	1388	337.240458
ո	1400	104.086637
ւ	1410	186.376572
ց	1409	205.790758
 	32	94.664335
հ	1392	105.716228
ե	1381	169.693232
տ	1407	83.954573
ո	1400	168.360233
 	32	93.028069
ն	1398	121.072531
ա	1377	213.643312
 	32	81.983089
ի	1387	160.024405
ր	1408	74.612617
 	32	105.138063
ո	1400	99.896908
ւ	1410	491.927624
ն	1398	147.141695
ե	1381	108.015060
ց	1409	131.441355
ա	1377	89.644909
ծ	1390	126.603365
֊	1418	385.390043
չ	1401	146.165133
ո	1400	281.699419
ւ	1410	355.990887
ն	1398	190.820456
ե	1381	145.720005
ց	1409	72.137833
ա	1377	288.907766
ծ	1390	235.725641
 	32	153.180599
փ	1411	154.850721
ո	1400	175.340176
ղ	1394	202.256680
ը	1384	87.942839
 	32	165.755272
կ	1391	44.112444
տ	1407	205.778837
ա	1377	224.838018
կ	1391	82.832575
ե	1381	149.169207
լ	1388	150.899410
 	32	85.637808
է	1383	84.442377
,	44	506.383657
 	32	465.279341
ո	1400	227.715015
ր	1408	789.130688
 	32	219.960451
հ	1392	203.360081
ի	1387	214.454651
վ	1406	144.170761
ա	1377	98.959923
ն	1398	504.662752
դ	1380	246.666193
ա	1377	67.954540
ն	1398	229.649544
ո	1400	110.736609
ց	1409	74.459791
 	32	233.222485
ս	1405	217.708349
ա	1377	106.705427
ր	1408	157.414675
ք	1412	166.681290
ե	1381	203.757286
ն	1398	435.611963
՝	1373	258.279085
 	32	167.834759
Գ	1331	71.188927
ա	1377	130.028486
յ	1397	150.757551
ի	1387	111.431837
 	32	89.288473
հ	1392	84.389687
ի	1387	100.402117
վ	1406	245.297670
ա	1377	92.302084
ն	1398	114.434004
դ	1380	84.148645
ա	1377	153.434992
ն	1398	95.714569
ո	1400	91.835737
ց	1409	173.017740
ը	1384	55.572987
,	44	149.632692
 	32	60.434818
բ	1378	152.120829
ա	1377	98.756075
յ	1397	81.241846
ց	1409	241.104603
 	32	227.775335
մ	1396	116.883755
ե	1381	49.654484
ն	1398	231.174946
ք	1412	211.054325
 	32	105.454206
չ	1401	132.477522
գ	1379	210.103035
ն	1398	77.024937
ա	1377	80.301046
ց	1409	324.133873
ի	1387	127.101421
ն	1398	107.927322
ք	1412	179.613829
 	32	72.790623
տ	1407	113.596201
ե	1381	98.383427
ս	1405	88.137627
ն	1398	83.126783
ե	1381	55.269718
ն	1398	191.069603
ք	1412	22.063732
։	1417	86.808920
	13	504.637241
	13	339.120388
Դ	1332	183.053255
ր	1408	205.186605
ա	1377	120.607138
 	32	252.226114
փ	1411	70.400000
ո	1400	63.595295
խ	1389	641.373634
ա	1377	110.262871
ր	1408	64.989090
ե	1381	95.246315
ն	1398	83.141565
 	32	90.624094
գ	1379	76.517582
ն	1398	55.016994
ա	1377	92.372417
ց	1409	105.287790
ի	1387	181.447983
ն	1398	82.795382
ք	1412	55.341244
 	32	145.407438
Դ	1332	128.781557
ե	1381	125.962734
ն	1398	124.148607
մ	1396	103.712559
ա	1377	93.974113
ր	1408	184.993029
ք	1412	87.090969
 	32	148.911476
Հ	1344	99.911690
ա	1377	179.110527
ո	1400	87.750435
ւ	1410	170.328140
ս	1405	84.031820
 	32	139.180899
պ	1402	320.631742
ա	1377	508.741856
լ	1388	206.329823
ա	1377	680.328131
տ	1407	246.172428
ի	1387	85.934639
 	32	176.331758
տ	1407	100.436687
ա	1377	174.848795
ն	1398	87.632656
ի	1387	163.128853
ք	1412	312.629461
ի	1387	302.747726
 	32	175.556898
ք	1412	212.925673
ե	1381	181.418419
ր	1408	83.539248
ո	1400	206.868649
վ	1406	61.179638
բ	1378	77.036619
ե	1381	214.099884
ն	1398	376.076460
ե	1381	187.817335
ր	1408	101.472378
ի	1387	114.965439
ն	1398	99.185705
 	32	128.267050
ն	1398	152.437925
ա	1377	286.454678
յ	1397	196.303606
ե	1381	80.826283
լ	1388	143.359900
ո	1400	120.182753
ւ	1410	15.951872
․	8228	321.382999
 	32	181.901693
է	1383	281.037569
ն	1398	54.723978
ք	1412	138.536215
ա	1377	70.474386
ն	1398	72.390795
 	32	182.725430
թ	1385	98.857164
մ	1396	176.462412
բ	1378	105.716228
լ	1388	209.846258
ի	1387	111.321211
կ	1391	137.598753
 	32	103.951216
է	1383	158.891916
ի	1387	89.815378
ն	1398	278.851748
 	32	146.366119
ո	1400	369.723082
ւ	1410	116.941690
 	32	136.765718
ս	1405	99.843025
ի	1387	76.946497
ր	1408	644.705534
ո	1400	87.890387
ւ	1410	137.514353
ն	1398	70.632458
։	1417	94.951630
 	32	114.542246
Հ	1344	67.474842
ե	1381	142.492771
տ	1407	91.051102
ո	1400	153.025150
 	32	158.938885
Լ	1340	237.982512
ո	1400	55.456400
ն	1398	88.351250
դ	1380	50.248384
ո	1400	77.697277
ն	1398	79.228401
յ	1397	94.524622
ա	1377	138.242006
ն	1398	100.547552
 	32	110.385656
կ	1391	72.741032
ա	1377	102.661848
մ	1396	173.489332
ո	1400	120.378494
ւ	1410	136.851311
ր	1408	77.464342
ջ	1403	209.652185
ն	1398	579.457283
 	32	970.694780
ա	1377	99.352598
ն	1398	156.146765
ց	1409	90.255022
ա	1377	104.192495
ն	1398	229.577780
ք	1412	77.753305
,	44	173.945189
 	32	168.322563
ա	1377	76.460838
ս	1405	104.963064
տ	1407	71.649313
ի	1387	376.453638
ճ	1395	263.844967
ա	1377	151.850224
ն	1398	632.622004
ն	1398	41014.362335
ե	1381	2548.523664
ր	1408	127.585173
ո	1400	88.978291
վ	1406	115.272284
 	32	412.357330
ի	1387	188.039064
ջ	1403	133.733034
ա	1377	67.173481
ն	1398	116.619110
ք	1412	94.886780
 	32	104.616642
ս	1405	60.457230
տ	1407	165.839672
ո	1400	95.320463
ր	1408	71.318150
ի	1387	116.288900
ն	1398	114.996672
 	32	151.571989
Թ	1337	38.643360
ե	1381	157.921553
մ	1396	444.526672
զ	1382	258.749008
ա	1377	201.793909
յ	1397	541.033983
ի	1387	198.426962
 	32	170.713902
ա	1377	67.850590
փ	1411	104.711533
ը	1384	86.730719
՝	1373	104.731083
 	32	363.022804
ձ	1393	115.441799
կ	1391	226.503849
ն	1398	109.357119
ա	1377	80.889702
վ	1406	104.911089
ա	1377	295.641661
ճ	1395	72.216511
ա	1377	159.811735
ռ	1404	105.829477
ն	1398	149.956942
ե	1381	103.997707
ր	1408	111.368179
ի	1387	134.403467
 	32	105.098248
շ	1399	139.219761
ա	1377	349.126816
ր	1408	456.928253
վ	1406	148.274183
ե	1381	155.272484
շ	1399	330.404282
ա	1377	116.507292
ր	1408	60.946703
 	32	88.527679
կ	1391	66.478014
ր	1408	99.724054
պ	1402	100.830317
ա	1377	87.864876
կ	1391	772.013903
ն	1398	177.895784
ե	1381	108.607292
ր	1408	201.023579
ի	1387	183.009386
 	32	289.248466
մ	1396	158.728838
ո	1400	276.062965
տ	1407	89.889765
։	1417	128.668070
 	32	245.819807
Է	1335	207.098246
ս	1405	56.092262
տ	1407	181.342125
ե	1381	74.253798
ղ	1394	96.022367
ի	1387	93.217134
ց	1409	97.356558
 	32	69.993734
է	1383	77.532053
լ	1388	264.573574
 	32	213.569641
ա	1377	2121.866703
փ	1411	138.965607
ի	1387	161.901951
 	32	189.625263
ե	1381	104.283094
ր	1408	54.866076
կ	1391	186.807632
ա	1377	131.155729
յ	1397	164.745808
ն	1398	238.250494
ք	1412	332.211256
ո	1400	292.226791
վ	1406	77.542782
 	32	194.236755
բ	1378	55.507898
ա	1377	158.216953
ր	1408	102.537155
ձ	1393	46.284199
ր	1408	104.662657
ա	1377	55.769920
ց	1409	122.467041
ա	1377	81.890821
ն	1398	147.424936
ք	1412	127.735853
 	32	87.916136
մ	1396	180.933475
ի	1387	245.591640
ն	1398	170.678854
չ	1401	160.592079
և	1415	327.799082
 	32	88.572979
Թ	1337	113.229513
ե	1381	135.303497
մ	1396	228.430510
զ	1382	168.427467
ա	1377	94.855785
յ	1397	129.330635
ի	1387	148.669720
 	32	114.219666
վ	1406	142.108202
ե	1381	125.395775
ր	1408	93.880415
ի	1387	43.239832
ն	1398	151.672363
 	32	87.321281
մ	1396	225.855589
ա	1377	82.547665
ս	1405	127.463341
ը	1384	114.274263
,	44	149.149418
 	32	92.041492
հ	1392	76.997042
ա	1377	82.947493
ս	1405	95.695496
ա	1377	84.502220
ն	1398	82.647800
ք	1412	110.405922
 	32	104.331970
Ֆ	1366	134.056568
ա	1377	95.805645
յ	1397	131.345510
 	32	72.428226
ֆ	1414	229.941607
ո	1400	98.063231
ւ	1410	167.736530
թ	1385	124.737978
 	32	98.989487
Լ	1340	128.695250
ե	1381	97.966909
յ	1397	116.425991
ն	1398	88.570118
,	44	89.308023
 	32	61.246157
ո	1400	146.600246
ւ	1410	160.964966
ր	1408	176.091433
 	32	111.079931
խ	1389	89.850903
ո	1400	107.173443
ս	1405	130.478144
ք	1412	175.401211
ի	1387	87.877512
 	32	125.908852
բ	1378	149.547100
ռ	1404	164.806366
ն	1398	75.675726
վ	1406	368.164301
ե	1381	206.415176
ց	1409	99.600315
ի	1387	302.216530
ն	1398	183.803320
ք	1412	94.298363
 	32	95.726490
մ	1396	40.701151
ի	1387	149.615526
 	32	274.854898
ո	1400	207.056761
ս	1405	153.835058
տ	1407	168.711662
ի	1387	549.606800
կ	1391	172.179937
ա	1377	151.034832
ն	1398	80.725193
ի	1387	664.599180
 	32	130.909681
հ	1392	206.097126
ե	1381	77.410460
տ	1407	235.901594
 	32	194.803953
ո	1400	187.865734
ւ	1410	110.068083
 	32	78.403711
ս	1405	104.556322
ա	1377	109.235048
 	32	77.489853
պ	1402	136.427879
ա	1377	65.934896
տ	1407	365.281820
մ	1396	240.451813
ե	1381	152.290344
ց	1409	97.079039
,	44	123.618126
 	32	108.583927
թ	1385	159.436464
ե	1381	534.566879
 	32	157.100677
ը	1384	466.489315
ս	1405	76.937199
տ	1407	218.291283
 	32	255.031586
1	49	217.235804
6	54	115.864754
6	54	180.015326
5	53	173.071384
 	32	77.033043
թ	1385	95.283985
վ	1406	163.458586
ի	1387	198.270321
 	32	234.781027
կ	1391	159.314632
ա	1377	73.358297
մ	1396	283.639669
 	32	174.188375
դ	1380	162.637711
ր	1408	257.081747
ա	1377	251.823902
 	32	60.995340
մ	1396	225.997210
ո	1400	117.611408
տ	1407	83.577633
ե	1381	113.917828
ր	1408	160.549641
ք	1412	143.142939
ը	1384	71.719170
 	32	220.900059
Ս	1357	255.716801
թ	1385	142.021656
ո	1400	95.597506
ո	1400	161.825657
ւ	1410	124.366999
ի	1387	217.344046
 	32	241.647243
հ	1392	201.794147
ր	1408	157.899618
ա	1377	149.416924
տ	1407	187.525988
ա	1377	195.811987
ր	1408	96.257210
ա	1377	184.990883
կ	1391	73.715687
ա	1377	105.772734
ծ	1390	151.555777
 	32	115.607977
Լ	1340	104.139566
ո	1400	157.311440
ն	1398	117.815971
դ	1380	116.866350
ո	1400	106.459856
ն	1398	95.499754
ի	1387	139.048100
 	32	110.505342
հ	1392	162.964582
ա	1377	145.938635
տ	1407	168.181896
ա	1377	67.434549
կ	1391	748.377323
ա	1377	584.004402
գ	1379	121.644735
ծ	1390	368.984699
ի	1387	180.454969
,	44	82.237244
 	32	96.161366
ն	1398	34.339905
ր	1408	205.399990
բ	1378	137.588739
ա	1377	109.706879
ն	1398	155.150890
ց	1409	177.632332
ք	1412	70.060253
ի	1387	227.896214
 	32	59.762239
ա	1377	88.335276
ն	1398	137.480497
ո	1400	230.314970
ւ	1410	77.883244
ն	1398	205.539703
ը	1384	92.198372
 	32	137.152672
Ֆ	1366	116.837263
ա	1377	136.842966
յ	1397	108.375788
վ	1406	98.624229
 	32	409.660816
Ֆ	1366	231.639862
ո	1400	186.528921
ւ	1410	83.512068
թ	1385	663.298845
 	32	190.173388
Լ	1340	110.658646
ե	1381	132.411957
յ	1397	84.111214
ն	1398	311.683655
 	32	196.088552
է	1383	89.215040
 	32	164.301157
ե	1381	233.237982
ղ	1394	81.549644
ե	1381	105.906963
լ	1388	110.674143
,	44	137.171268
 	32	71.561098
բ	1378	215.908766
ա	1377	38.818836
յ	1397	198.859692
ց	1409	178.693056
 	32	78.659058
հ	1392	59.547186
ե	1381	173.312426
տ	1407	241.707563
ո	1400	134.706974
 	32	154.955864
դ	1380	177.356482
ա	1377	162.135601
ր	1408	86.287498
ձ	1393	159.677744
ե	1381	82.439899
լ	1388	93.626022
 	32	155.889511
է	1383	120.013475
 	32	61.347246
Ֆ	1366	177.344799
ա	1377	187.564611
յ	1397	161.125660
 	32	103.461981
Ֆ	1366	152.003527
ո	1400	83.411694
ւ	1410	93.225002
թ	1385	96.139908
 	32	75.444460
Լ	1340	177.480459
ե	1381	71.128607
յ	1397	50.787687
ն	1398	106.920958
,	44	82.206011
 	32	74.006557
ո	1400	72.680712
ր	1408	105.051041
 	32	88.967085
է	1383	138.913155
լ	1388	162.390232
ի	1387	61.059475
 	32	65.865517
վ	1406	88.491440
ա	1377	72.909355
տ	1407	147.541761
 	32	100.154161
չ	1401	60.872316
է	1383	155.814171
ր	1408	195.690870
 	32	43.604136
հ	1392	194.058895
ն	1398	88.075638
չ	1401	129.638910
ո	1400	65.606117
ւ	1410	478.128910
մ	1396	216.840267
,	44	140.319824
 	32	287.148714
ե	1381	412.146568
թ	1385	321.982861
ե	1381	219.264984
 	32	92.509270
ո	1400	84.157467
չ	1401	154.064178
 	32	97.641706
ա	1377	83.544254
վ	1406	45.571566
ե	1381	108.099937
լ	1388	101.098061
ի	1387	87.902546
 	32	73.612928
լ	1388	186.506987
ա	1377	76.553345
վ	1406	66.040993
։	1417	160.650492
	13	99.917650
	13	116.883278
Ն	1350	110.344410
ա	1377	35.995483
յ	1397	331.290007
ո	1400	263.218164
ւ	1410	202.692509
մ	1396	393.157959
 	32	101.036787
է	1383	207.290173
ի	1387	81.101418
ն	1398	150.446892
ք	1412	171.226263
 	32	88.056564
Լ	1340	302.035093
ո	1400	83.372355
ն	1398	89.802504
դ	1380	120.666265
ո	1400	83.396196
ն	1398	121.013880
ի	1387	211.537838
 	32	348.302364
փ	1411	237.622023
ա	1377	329.938412
ռ	1404	223.072052
ա	1377	234.263420
հ	1392	161.539078
ե	1381	174.376249
ղ	1394	163.675547
 	32	130.764246
ա	1377	110.385418
վ	1406	82.778215
ե	1381	746.859312
ր	1408	50.175905
ա	1377	141.389370
կ	1391	78.970909
ն	1398	144.601107
ե	1381	86.129665
ր	1408	981.169462
ի	1387	528.558254
ն	1398	591.245651
,	44	484.141588
 	32	269.891024
հ	1392	1706.956863
ի	1387	130.194664
ա	1377	548.863888
ն	1398	167.992592
ո	1400	147.883177
ւ	1410	55.442810
մ	1396	112.277985
 	32	268.420696
խ	1389	344.431162
ո	1400	77.072859
ս	1405	215.537786
տ	1407	94.329357
ե	1381	78.652143
ր	1408	377.274275
ո	1400	92.013836
վ	1406	113.553286
 	32	57.343006
ո	1400	155.222893
ւ	1410	178.571701
 	32	61.574221
ծ	1390	305.201054
ա	1377	218.261242
ղ	1394	136.703014
ի	1387	171.202183
կ	1391	198.875427
ն	1398	331.628323
ե	1381	220.318794
ր	1408	68.610191
ո	1400	175.112247
վ	1406	104.724646
,	44	368.618965
 	32	208.772659
ո	1400	85.235357
ր	1408	150.615931
ո	1400	50.045013
ն	1398	98.508120
ք	1412	104.631186
 	32	141.807318
բ	1378	184.151173
ո	1400	185.882330
ւ	1410	84.342957
ս	1405	192.676783
ն	1398	47.269106
ե	1381	78.187943
լ	1388	46.130180
 	32	91.090202
է	1383	71.341276
ի	1387	88.371992
ն	1398	156.092167
 	32	64.695120
փ	1411	40.411472
լ	1388	133.647442
ա	1377	74.525833
տ	1407	218.124866
ա	1377	136.276245
կ	1391	79.068899
ն	1398	147.721529
ե	1381	172.410011
ր	1408	87.474108
ի	1387	79.041719
ց	1409	105.820656
 	32	110.540628
մ	1396	369.008780
ա	1377	215.213060
ք	1412	115.719318
ր	1408	99.677801
վ	1406	476.415873
ա	1377	236.764669
ծ	1390	116.352081
 	32	111.563444
տ	1407	109.567404
ե	1381	337.306023
ղ	1394	176.379919
ե	1381	97.125530
ր	1408	134.125948
ո	1400	197.636366
ւ	1410	62.728882
մ	1396	98.631859
։	1417	128.766060
 	32	27.993202
Ա	1329	199.080706
ֆ	1414	134.813309
ղ	1394	40.324926
ա	1377	88.016510
ն	1398	190.789461
ա	1377	170.515537
կ	1391	143.742561
ա	1377	59.024572
ն	1398	925.402880
 	32	167.999744
բ	1378	106.261969
ա	1377	543.763638
ն	1398	145.381689
կ	1391	180.030584
ի	1387	128.124475
 	32	152.138472
կ	1391	56.244850
ո	1400	158.447504
ղ	1394	162.957668
ք	1412	60.292721
ի	1387	116.693497
ն	1398	183.194160
 	32	174.348831
մ	1396	82.509995
ի	1387	143.354177
 	32	82.315683
ռ	1404	90.122223
մ	1396	167.882681
բ	1378	77.082872
ա	1377	165.987730
կ	1391	47.998428
ո	1400	83.323956
ծ	1390	44.393301
վ	1406	183.866262
ա	1377	47.104836
ծ	1390	54.608345
 	32	358.439207
շ	1399	259.876728
ե	1381	154.315948
ն	1398	335.618496
ք	1412	163.921833
 	32	95.416546
տ	1407	122.978926
ե	1381	60.009718
ս	1405	174.971342
ա	1377	38.219213
ն	1398	112.800360
ք	1412	87.574959
։	1417	115.355492
 	32	87.363720
Վ	1358	100.710869
ե	1381	202.952862
ր	1408	158.819675
և	1415	111.826658
ը	1384	102.720737
՝	1373	155.114651
 	32	73.083639
վ	1406	71.324348
ե	1381	52.594900
ր	1408	351.400852
ջ	1403	196.827412
ի	1387	111.046076
ն	1398	88.143826
 	32	195.753336
հ	1392	107.143641
ա	1377	183.623314
ր	1408	105.470419
կ	1391	146.303415
ո	1400	160.669088
ւ	1410	160.009861
մ	1396	98.691225
,	44	92.881203
 	32	100.074530
կ	1391	136.839628
ի	1387	88.544369
ս	1405	77.872038
ա	1377	129.528046
բ	1378	158.021212
ա	1377	194.281340
ց	1409	66.599607
 	32	208.658218
դ	1380	107.295513
ո	1400	172.091722
ւ	1410	77.143908
ռ	1404	113.780975
 	32	49.828768
է	1383	156.660318
ր	1408	44.850349
 	32	172.386169
կ	1391	61.662197
ա	1377	655.643940
խ	1389	336.161375
 	32	133.276463
ը	1384	183.137655
ն	1398	139.247656
կ	1391	166.350603
ա	1377	99.722862
ծ	1390	177.218199
,	44	48.527956
 	32	38.846254
ս	1405	1055.077314
ր	1408	92.486382
ա	1377	174.884319
 	32	96.200228
հ	1392	148.739100
ե	1381	115.097523
տ	1407	81.926346
և	1415	100.237131
ո	1400	71.189404
ւ	1410	106.006384
մ	1396	115.813732
 	32	65.426588
ե	1381	76.954365
ր	1408	111.564159
և	1415	74.361801
ի	1387	105.669498
 	32	87.286949
հ	1392	72.067022
յ	1397	230.931520
ո	1400	165.814877
ւ	1410	65.197706
ր	1408	123.563528
ա	1377	105.858088
ս	1405	86.786509
ե	1381	72.206497
ն	1398	79.545021
յ	1397	107.335329
ա	1377	82.964182
կ	1391	131.426334
 	32	72.152853
է	1383	216.757536
ր	1408	232.105017
 	32	92.683315
ե	1381	231.321573
ղ	1394	72.344065
ե	1381	142.269611
լ	1388	113.660812
,	44	114.419699
 	32	76.612473
ո	1400	137.581348
ր	1408	104.282856
ո	1400	98.016262
վ	1406	145.075083
հ	1392	82.510471
ե	1381	166.192770
տ	1407	120.211124
և	1415	107.622862
 	32	74.878216
պ	1402	118.814945
ա	1377	76.566458
տ	1407	210.253716
ի	1387	61.217546
ն	1398	240.229368
 	32	407.541275
բ	1378	156.434774
ո	1400	90.819120
ւ	1410	95.207453
խ	1389	156.747103
ա	1377	202.393770
ր	1408	185.931921
ի	1387	188.481331
 	32	369.801283
է	1383	280.245066
ր	1408	190.730095
 	32	142.211437
ե	1381	176.108837
ր	1408	649.111271
և	1415	198.025703
ո	1400	106.604099
ւ	1410	73.652744
մ	1396	2412.967920
։	1417	88.255644
	13	100.328922
	13	179.327965
―	8213	161.271095
 	32	81.131220
Մ	1348	185.519457
ա	1377	57.648420
ր	1408	193.329096
դ	1380	208.929539
 	32	260.832787
տ	1407	169.320107
ո	1400	82.203627
ւ	1410	175.225735
ն	1398	81.754923
 	32	54.922819
է	1383	204.729319
 	32	154.320955
գ	1379	284.623146
ա	1377	236.006021
լ	1388	201.888084
ի	1387	187.494278
ս	1405	144.667387
,	44	179.771662
―	8213	55.998325
 	32	282.027245
ա	1377	295.201540
ս	1405	177.276850
ի	1387	514.920235
 	32	214.426517
Ջ	1355	245.861769
ի	1387	222.337484
լ	1388	150.664330
ի	1387	152.423859
ն	1398	87.767839
,	44	99.645138
―	8213	261.655807
 	32	33.281565
հ	1392	179.811954
ո	1400	76.697588
ւ	1410	167.608261
յ	1397	65.713167
ս	1405	330.220938
 	32	180.811405
ո	1400	252.494335
ւ	1410	269.981623
ն	1398	103.056192
ի	1387	180.739880
,	44	628.056526
 	32	259.376526
թ	1385	258.964062
ե	1381	137.918949
 	32	214.976072
ն	1398	588.195324
ս	1405	151.364565
տ	1407	130.703449
ե	1381	71.368456
լ	1388	137.238026
ո	1400	179.172516
ւ	1410	72.271109
 	32	214.976072
է	1383	166.579723
 	32	140.151262
ի	1387	229.580402
ր	1408	125.456095
 	32	70.213795
հ	1392	194.964409
յ	1397	192.758083
ո	1400	78.188419
ւ	1410	152.377367
ր	1408	160.471916
ա	1377	106.388807
ս	1405	251.405239
ե	1381	112.649202
ն	1398	768.742323
յ	1397	189.464331
ա	1377	592.077494
կ	1391	223.590612
ո	1400	77.069283
ւ	1410	155.229568
մ	1396	267.845631
՝	1373	133.724928
 	32	145.991087
կ	1391	71.000814
ր	1408	132.728100
ա	1377	112.653255
կ	1391	134.732008
ի	1387	121.599436
 	32	55.279255
մ	1396	160.585642
ո	1400	119.454622
տ	1407	157.583237
,	44	531.392813
 	32	171.741486
ո	1400	200.584412
ւ	1410	152.799606
 	32	147.392273
թ	1385	162.276030
ե	1381	367.696047
ր	1408	90.839863
թ	1385	176.576138
 	32	111.185312
կ	1391	125.875711
ա	1377	38.351059
ր	1408	162.491560
դ	1380	79.220057
ա	1377	89.222670
։	1417	76.399803
 	32	126.820087
Բ	1330	82.458973
ա	1377	177.684784
ց	1409	58.690548
 	32	231.316090
է	1383	142.468214
 	32	153.413534
ա	1377	258.707523
ն	1398	110.210896
ո	1400	243.904114
ւ	1410	194.263220
մ	1396	77.309847
 	32	106.741190
դ	1380	135.608435
ո	1400	78.391790
ւ	1410	135.822058
ռ	1404	217.378616
ն	1398	680.540085
 	32	208.968639
ո	1400	853.030920
ւ	1410	501.237869
 	32	139.285564
տ	1407	143.088102
ե	1381	109.431028
ս	1405	105.168343
ն	1398	94.368696
ո	1400	264.420033
ւ	1410	74.568748
մ	1396	149.645805
 	32	128.009081
հ	1392	168.652773
յ	1397	191.310167
ո	1400	59.947729
ւ	1410	203.634024
ր	1408	49.708605
ա	1377	125.353575
ս	1405	119.977474
ե	1381	76.805592
ն	1398	126.655102
յ	1397	126.323938
ա	1377	123.776197
կ	1391	83.189726
ի	1387	83.053350
ց	1409	67.592382
 	32	265.476942
բ	1378	92.424393
ա	1377	55.621386
ն	1398	116.425991
 	32	172.819614
չ	1401	72.127819
ի	1387	260.165215
 	32	134.163857
մ	1396	76.629877
ն	1398	217.260599
ա	1377	129.359245
ց	1409	99.097013
ե	1381	163.982153
լ	1388	71.654081
․	8228	118.721247
 	32	119.820356
մ	1396	55.107355
ա	1377	148.956299
ք	1412	96.718788
ո	1400	164.944172
ւ	1410	190.412521
ր	1408	170.583963
 	32	186.284781
ա	1377	289.589405
վ	1406	239.002705
ե	1381	209.485054
ր	1408	310.942650
ա	1377	178.728819
կ	1391	175.207376
։	1417	138.459921
 	32	78.284264
Է	1335	164.860487
ն	1398	82.617044
պ	1402	437.215567
ե	1381	142.096043
ս	1405	132.532120
 	32	138.626575
է	1383	66.345453
 	32	159.939766
շ	1399	72.126627
վ	1406	113.595247
ա	1377	171.308517
ր	1408	92.602015
ո	1400	277.587652
ւ	1410	148.727179
մ	1396	178.858280
,	44	132.668257
 	32	248.494148
ի	1387	178.834438
ն	1398	58.561563
ք	1412	90.440273
ն	1398	107.561111
 	32	145.278692
ի	1387	71.162462
ր	1408	44.239044
ե	1381	66.729069
ն	1398	111.023664
 	32	106.501102
ա	1377	244.098425
ս	1405	160.036325
ո	1400	89.434624
ւ	1410	83.750963
մ	1396	207.364082
 	32	355.909824
է	1383	479.943514
․	8228	249.459982
 	32	220.391035
«	171	65.970898
Վ	1358	174.776077
ա	1377	238.427877
՛	1371	215.296984
հ	1392	142.485142
,	44	194.645405
 	32	101.910114
է	1383	88.267088
ս	1405	148.665905
 	32	126.727581
ի	1387	84.713936
՞	1374	163.818598
ն	1398	108.390331
չ	1401	206.956387
 	32	115.522385
է	1383	206.670046
»	187	90.332270
։	1417	54.891586
	13	209.295750
	13	73.811531
(	40	279.920578
Հ	1344	119.109154
ա	1377	128.118753
ջ	1403	65.575123
ո	1400	88.031054
ր	1408	88.140965
դ	1380	97.944021
 	32	72.312355
ա	1377	162.621498
ն	1398	104.734659
գ	1379	285.205841
ա	1377	428.796053
մ	1396	203.333378
՝	1373	156.655312
 	32	45.452833
ն	1398	187.006235
ո	1400	213.403463
ւ	1410	119.591713
յ	1397	85.512400
ն	1398	134.743214
 	32	123.363972
տ	1407	180.057049
ե	1381	218.777418
ղ	1394	89.452267
ո	1400	259.715796
վ	1406	105.782747
 	32	105.383396
ա	1377	103.193521
ն	1398	71.309328
ց	1409	213.625193
ն	1398	354.753256
ե	1381	120.130539
լ	1388	174.998999
ի	1387	184.398174
ս	1405	117.868423
,	44	82.844973
 	32	137.736320
Ջ	1355	67.235947
ի	1387	180.577993
լ	1388	50.047398
ը	1384	79.973459
 	32	89.667320
ն	1398	366.221428
ա	1377	191.725254
յ	1397	55.989027
ե	1381	145.038128
ց	1409	99.378109
 	32	55.624723
վ	1406	242.812395
ե	1381	232.597351
ր	1408	775.558710
և	1415	67.979336
՝	1373	140.156746
 	32	189.429283
դ	1380	104.368925
ե	1381	93.283415
ռ	1404	82.114935
 	32	71.034908
կ	1391	420.402765
ի	1387	181.152105
ս	1405	185.469866
ա	1377	120.048285
բ	1378	291.536808
ա	1377	368.256569
ց	1409	184.857130
 	32	100.418568
դ	1380	319.937468
ռ	1404	138.305902
ա	1377	92.201710
ն	1398	111.118793
ը	1384	203.096867
,	44	104.288340
 	32	146.301746
ձ	1393	100.388527
ե	1381	107.569695
ռ	1404	60.447454
ք	1412	174.726725
ս	1405	52.795410
 	32	144.607782
ս	1405	214.214087
ե	1381	351.951122
ղ	1394	151.994467
մ	1396	139.410734
ե	1381	68.966389
ց	1409	384.841919
 	32	94.106913
ո	1400	97.836256
ւ	1410	380.175829
 	32	50.740480
շ	1399	171.725988
շ	1399	97.762346
ն	1398	96.092939
ջ	1403	66.782951
ա	1377	170.908213
ց	1409	47.756910
․	8228	203.323364
 	32	173.496008
«	171	247.119904
Ա	1329	135.230303
խ	1389	162.506580
ր	1408	102.477551
,	44	143.790960
 	32	258.762598
ս	1405	378.979445
ա	1377	286.733150
 	32	145.012140
ի	1387	62.808752
՞	1374	124.934912
ն	1398	165.779114
չ	1401	108.941793
 	32	271.613598
է	1383	54.576159
։	1417	84.507227
 	32	50.368786
Ս	1357	187.865019
ա	1377	163.925171
 	32	80.576897
ի	1387	267.622232
՞	1374	426.655293
ն	1398	202.113390
չ	1401	195.706606
 	32	100.588799
է	1383	134.092331
»	187	209.273815
։	1417	82.159996
 	32	502.698660
Ե	1333	194.216728
ս	1405	184.309244
 	32	89.133739
ն	1398	205.028772
ր	1408	185.914755
ա	1377	50.051212
ն	1398	157.870770
 	32	47.484159
թ	1385	655.391932
և	1415	81.627846
ի	1387	156.482935
ս	1405	121.410608
 	32	95.681667
տ	1407	107.114792
ա	1377	277.588606
կ	1391	180.992365
 	32	361.908436
ա	1377	189.736366
ռ	1404	184.022665
ա	1377	54.120302
,	44	175.875664
 	32	116.343021
հ	1392	177.501917
ա	1377	494.341135
ն	1398	68.506241
գ	1379	137.916088
ս	1405	228.852272
տ	1407	152.150631
ա	1377	60.963392
ց	1409	133.234501
ր	1408	119.274616
ի	1387	100.962639
,	44	173.249722
 	32	184.775591
ա	1377	67.986965
ս	1405	229.732990
ի	1387	132.821321
՝	1373	146.593571
 	32	155.643463
չ	1401	199.785709
վ	1406	310.840130
ա	1377	211.209059
ծ	1390	2470.614910
ե	1381	185.248375
ն	1398	467.643738
ա	1377	217.798233
,	44	105.850458
 	32	67.827225
ս	1405	374.798775
ա	1377	315.819025
 	32	135.604382
պ	1402	95.852137
ա	1377	61.268330
տ	1407	78.694582
ե	1381	67.667007
ր	1408	169.011593
ա	1377	38.249254
զ	1382	189.174891
մ	1396	41.469097
ի	1387	108.901501
 	32	166.764259
ա	1377	297.422647
ր	1408	402.954578
ա	1377	228.904486
ծ	1390	252.246141
ն	1398	501.020193
 	32	341.351032
է	1383	244.040728
 	32	65.848589
ո	1400	141.307116
ւ	1410	211.854219
ղ	1394	89.407206
ղ	1394	103.997707
ա	1377	318.925381
կ	1391	241.466522
ի	1387	169.702768
,	44	92.995167
 	32	123.070955
ա	1377	403.712749
յ	1397	235.348940
 	32	1025.493622
ա	1377	197.355032
ն	1398	1954.335690
շ	1399	1008.466721
վ	1406	143.923044
ի	1387	312.757492
՜	1372	163.998842
 	32	109.599113
պ	1402	99.655151
ա	1377	112.208128
տ	1407	98.938465
ե	1381	82.902908
ր	1408	78.938246
ա	1377	69.303036
զ	1382	97.594261
մ	1396	66.173792
ը	1384	206.590891
)	41	317.600012
։	1417	177.962780
	13	113.593817
	13	97.732544
Հ	1344	156.460762
ե	1381	129.345417
տ	1407	66.613197
ո	1400	147.645235
 	32	155.578852
դ	1380	63.807487
ե	1381	323.418379
ր	1408	44.092417
ձ	1393	252.136469
ա	1377	194.838524
կ	1391	142.917156
ի	1387	169.535637
 	32	83.429098
մ	1396	221.042156
ի	1387	122.227192
 	32	113.432407
ա	1377	1505.195141
ր	1408	895.917654
հ	1392	134.526491
ե	1381	208.162785
ս	1405	103.256702
տ	1407	82.809925
ա	1377	81.846237
ն	1398	98.813772
ո	1400	77.933311
ց	1409	141.511917
 	32	410.267353
հ	1392	276.518822
ա	1377	191.607475
ն	1398	54.672003
դ	1380	405.304193
ի	1387	127.460957
պ	1402	162.183523
ե	1381	197.283030
ց	1409	324.844837
,	44	406.155586
 	32	103.180408
ց	1409	81.560612
ց	1409	93.605518
վ	1406	154.856682
ե	1381	82.680702
լ	1388	121.681690
 	32	141.709805
է	1383	80.736160
ր	1408	164.854288
 	32	80.929279
մ	1396	176.652193
ե	1381	457.481861
ծ	1390	209.383726
֊	1418	61.632156
մ	1396	106.953144
ե	1381	154.196262
ծ	1390	163.121462
 	32	145.116329
շ	1399	66.716671
ե	1381	264.955521
ն	1398	57.488203
ք	1412	148.796320
ե	1381	205.970764
ր	1408	104.075432
ի	1387	452.249289
 	32	99.220037
փ	1411	165.757179
լ	1388	183.933258
ա	1377	315.322161
տ	1407	76.440334
ա	1377	274.260998
կ	1391	207.523584
ն	1398	66.400766
ե	1381	146.822929
ր	1408	267.364740
ի	1387	188.308477
 	32	224.270582
ա	1377	189.198256
ր	1408	173.552513
ա	1377	162.479877
ն	1398	81.206799
ք	1412	155.799150
ո	1400	115.978003
ւ	1410	150.133133
մ	1396	91.311693
,	44	77.744246
 	32	228.288174
ա	1377	158.136129
ր	1408	231.003761
ի	1387	178.381443
 	32	215.404272
ո	1400	161.425591
ւ	1410	206.664562
 	32	272.961378
տ	1407	230.978727
ե	1381	281.297922
ս	1405	247.722149
 	32	336.670637
կ	1391	614.233732
ա	1377	54.226160
ն	1398	155.642271
գ	1379	83.061457
ո	1400	122.683764
ւ	1410	121.713638
ն	1398	352.581739
 	32	224.210024
մ	1396	154.009819
ն	1398	87.587833
ա	1377	174.994469
ց	1409	304.263115
ե	1381	197.196722
լ	1388	100.308895
։	1417	208.209276
 	32	119.129896
Ա	1329	155.354261
ր	1408	360.678434
հ	1392	267.001629
ե	1381	183.759451
ս	1405	72.352648
տ	1407	281.429052
ա	1377	342.902660
ն	1398	216.873884
ո	1400	192.611694
ց	1409	321.411371
ի	1387	209.394217
 	32	103.252888
ա	1377	132.202148
ռ	1404	191.031218
ա	1377	104.110241
ջ	1403	115.398884
՝	1373	67.471504
 	32	140.290260
դ	1380	187.502623
ռ	1404	238.451481
ա	1377	143.039942
ն	1398	78.602314
 	32	195.657253
տ	1407	51.009655
ա	1377	121.407986
կ	1391	93.204021
,	44	136.316538
 	32	95.513344
մ	1396	112.679958
ի	1387	176.069260
 	32	77.041864
կ	1391	219.637632
ի	1387	100.380659
ս	1405	98.811150
ա	1377	127.914667
լ	1388	181.245565
ի	1387	113.152027
ք	1412	110.182524
ը	1384	163.604259
 	32	179.622412
ա	1377	134.867907
վ	1406	205.649376
ա	1377	65.563440
զ	1382	112.207651
ի	1387	36.106110
 	32	123.062611
պ	1402	207.839489
ա	1377	127.860785
ր	1408	195.987225
կ	1391	136.245489
 	32	60.943604
է	1383	166.096687
ր	1408	157.503366
 	32	167.633772
հ	1392	172.461271
ե	1381	115.437269
ն	1398	66.220522
ց	1409	153.462172
 	32	87.417603
է	1383	178.004742
ն	1398	163.802147
պ	1402	78.119993
ե	1381	225.152731
ս	1405	120.264769
 	32	148.924351
մ	1396	82.140446
ա	1377	184.628963
յ	1397	55.240393
թ	1385	99.832296
ի	1387	43.315887
ն	1398	168.978214
 	32	139.974117
շ	1399	79.755068
պ	1402	184.563398
ր	1408	198.184729
տ	1407	60.282469
ա	1377	96.864700
ծ	1390	96.343279
,	44	210.912704
 	32	11.768341
ո	1400	392.595530
ւ	1410	140.357018
 	32	132.954836
ե	1381	88.144064
ս	1405	128.872871
 	32	165.763140
Ջ	1355	201.867342
ի	1387	82.687378
լ	1388	148.300409
ի	1387	234.227419
ն	1398	90.572834
 	32	74.800014
ա	1377	120.969296
ս	1405	439.946175
ի	1387	151.214123
․	8228	110.512495
	13	399.418116
	13	226.283073
―	8213	122.229815
 	32	438.935757
Ա	1329	124.297380
յ	1397	171.348810
 	32	94.001532
թ	1385	81.948280
ե	1381	188.400030
 	32	330.752134
բ	1378	213.509321
ա	1377	229.294777
ն	1398	115.090609
ն	1398	218.940020
 	32	379.602671
ի	1387	562.762499
ն	1398	1624.968767
չ	1401	1478.499651
 	32	508.988857
է	1383	5910.382271
․	8228	1761.854887
 	32	586.944818
ա	1377	61.336517
վ	1406	108.764887
ա	1377	125.037909
զ	1382	734.958649
ի	1387	211.764336
 	32	118.416309
է	1383	109.164000
դ	1380	179.205418
 	32	88.015318
կ	1391	140.307903
ի	1387	83.599091
ս	1405	175.822735
ա	1377	72.162867
տ	1407	86.118698
 	32	115.835667
պ	1402	187.910080
ա	1377	198.441744
ր	1408	72.185278
կ	1391	170.463562
ն	1398	162.707329
 	32	51.351786
է	1383	116.447210
 	32	77.243090
դ	1380	146.878958
ե	1381	115.558863
ր	1408	184.997320
ձ	1393	121.828079
ա	1377	104.946375
կ	1391	371.058464
ի	1387	130.151987
 	32	181.383610
ա	1377	99.140882
ր	1408	163.253069
հ	1392	324.197769
ե	1381	39.811134
ս	1405	269.088984
