Է
դ	1380	605.775118
 	32	526.114225
ն	1398	460.612535
ե	1381	105.182648
ր	1408	98.877668
խ	1389	263.716698
ո	1400	77.369690
ւ	1410	76.105833
ժ	1386	324.285269
ո	1400	142.175913
ւ	1410	138.762236
մ	1396	231.663704
ը	1384	159.164429
 	32	77.212811
հ	1392	364.825964
ե	1381	141.891241
չ	1401	147.365570
 	32	448.496342
ս	1405	160.856247
ր	1408	92.931271
տ	1407	268.503666
ո	1400	131.263494
վ	1406	96.839666
ս	1405	215.236664
 	32	212.525606
չ	1401	98.815680
է	1383	452.434540
ր	1408	107.815027
։	1417	81.863165
 	32	110.921144
Ե	1333	109.912395
ր	1408	86.443663
ն	1398	111.317635
ե	1381	148.281574
կ	1391	169.353008
 	32	274.805546
է	1383	312.929869
ի	1387	88.928938
 	32	86.660385
տ	1407	193.456173
ա	1377	132.021427
լ	1388	108.916044
ի	1387	297.395468
ս	1405	176.293850
 	32	269.615650
է	1383	114.332438
ս	1405	193.888664
 	32	111.063957
պ	1402	78.575134
ա	1377	84.114790
տ	1407	204.528570
ե	1381	65.396547
ր	1408	83.036423
ա	1377	226.682663
զ	1382	105.205297
մ	1396	145.810127
ը	1384	41.960001
 	32	117.253065
գ	1379	99.847317
ր	1408	180.878401
ո	1400	314.867496
ղ	1394	125.451326
ի	1387	157.193899
 	32	190.536976
ծ	1390	219.903946
ո	1400	71.066380
ց	1409	187.246799
ը	1384	109.754324
 	32	191.615105
կ	1391	121.968746
ո	1400	206.527472
ր	1408	114.728689
չ	1401	219.127178
ե	1381	123.641729
ր	1408	68.436623
,	44	185.708046
 	32	73.534727
չ	1401	88.537693
ն	1398	213.987350
ա	1377	81.040144
յ	1397	166.571140
ա	1377	145.467043
ծ	1390	100.035191
 	32	202.078104
գ	1379	90.981960
ի	1387	205.259085
տ	1407	269.868135
ե	1381	168.909788
ի	1387	94.460487
,	44	227.338552
 	32	71.467638
ո	1400	184.307575
ր	1408	192.710638
 	32	81.955671
դ	1380	72.668552
ա	1377	128.232002
 	32	144.538879
լ	1388	44.625521
ի	1387	176.991701
ն	1398	77.770710
ե	1381	138.845444
լ	1388	58.431149
ո	1400	109.601498
ւ	1410	218.194246
 	32	82.691908
բ	1378	103.482246
ա	1377	66.801071
ն	1398	67.008972
 	32	109.484911
չ	1401	77.303648
ի	1387	66.109657
։	1417	125.552654
 	32	75.705290
Ի	1339	151.725292
հ	1392	69.018126
ա	1377	95.868826
ր	1408	71.756840
կ	1391	55.477858
ե	1381	85.075617
,	44	99.583864
 	32	55.150509
վ	1406	107.200146
ե	1381	49.534082
ր	1408	175.821543
ջ	1403	151.942730
ի	1387	334.200144
ն	1398	194.713831
 	32	162.008286
հ	1392	164.567232
ա	1377	115.018368
շ	1399	66.743851
վ	1406	186.835766
ո	1400	152.385712
վ	1406	98.273039
,	44	116.205454
 	32	252.549171
մ	1396	145.583391
ի	1387	112.253189
 	32	88.204145
օ	1413	108.233452
ր	1408	160.836220
 	32	83.837748
պ	1402	161.015034
տ	1407	156.826496
ա	1377	128.793478
ե	1381	163.465977
ր	1408	197.897911
ա	1377	88.060379
զ	1382	312.678576
մ	1396	74.184895
ն	1398	186.750412
 	32	128.962517
ի	1387	62.776804
ր	1408	191.470623
ո	1400	210.337400
ք	1412	94.049215
 	32	240.797520
գ	1379	123.199701
ր	1408	83.981991
ո	1400	182.320595
ղ	1394	95.207214
ի	1387	146.422863
 	32	170.472860
ծ	1390	116.235971
ո	1400	179.298639
ց	1409	82.470179
ը	1384	140.758038
 	32	164.513826
կ	1391	102.116585
կ	1391	189.121485
ո	1400	111.133814
ր	1408	133.377790
չ	1401	65.899372
ե	1381	93.817949
ր	1408	190.535545
,	44	106.070280
 	32	63.245058
ո	1400	261.694908
ւ	1410	496.057510
 	32	149.978161
ե	1381	102.809191
մ	1396	492.442846
ա	1377	183.755398
ն	1398	156.521320
 	32	105.243206
ի	1387	110.260963
ն	1398	176.840305
չ	1401	171.167135
 	32	130.766869
ա	1377	1005.625010
ռ	1404	77.907324
ա	1377	126.643658
ա	1377	85.879564
ջ	1403	109.680653
վ	1406	160.784960
ա	1377	127.639294
 	32	89.950085
պ	1402	115.840197
ե	1381	61.190128
ս	1405	156.826496
 	32	144.736290
կ	1391	153.715134
դ	1380	122.445583
ա	1377	148.752213
ռ	1404	119.411469
ն	1398	117.388248
ա	1377	114.474297
ր	1408	33.194304
,	44	408.191919
 	32	341.826200
բ	1378	77.208281
ա	1377	49.388647
յ	1397	77.575922
ց	1409	192.286015
 	32	72.573900
պ	1402	159.878731
ա	1377	109.483242
տ	1407	125.909805
ե	1381	146.004915
ր	1408	160.669088
ա	1377	60.513020
զ	1382	115.543842
մ	1396	82.365990
ն	1398	119.708300
 	32	248.620033
ա	1377	57.816982
ր	1408	133.835554
դ	1380	44.134140
ե	1381	67.114353
ն	1398	102.440119
 	32	83.546162
ի	1387	143.813133
ր	1408	66.134691
 	32	131.412745
ս	1405	72.044611
և	1415	130.314112
 	32	87.639093
գ	1379	201.206207
ո	1400	195.535183
ր	1408	241.708994
ծ	1390	66.823721
ը	1384	435.391188
 	32	293.483496
տ	1407	61.297894
ե	1381	170.404196
ս	1405	138.619184
ա	1377	143.805504
ծ	1390	102.506399
 	32	59.349537
կ	1391	196.382761
լ	1388	265.552998
ի	1387	208.668947
ն	1398	235.333204
ե	1381	116.483212
ր	1408	379.792690
 	32	87.581635
ո	1400	88.727236
ւ	1410	191.647530
 	32	88.507652
բ	1378	50.265551
ո	1400	229.348660
լ	1388	361.568213
ո	1400	116.852760
ր	1408	263.725519
ի	1387	37.956476
 	32	192.934036
խ	1389	61.174870
ե	1381	370.748758
լ	1388	83.340883
ք	1412	234.752417
ը	1384	179.996014
 	32	55.062771
գ	1379	155.162811
լ	1388	141.569614
խ	1389	89.735031
ի	1387	87.116480
ց	1409	120.401144
 	32	44.781923
ա	1377	80.299139
ռ	1404	176.846266
ա	1377	123.867035
ծ	1390	133.962870
։	1417	92.434645
 	32	88.852882
Մ	1348	154.538155
ե	1381	136.074543
կ	1391	281.181812
 	32	366.503000
է	1383	130.100012
,	44	146.803141
 	32	136.746883
թ	1385	116.594315
ե	1381	148.110151
կ	1391	207.634926
ո	1400	253.993511
ւ	1410	732.040405
զ	1382	112.261295
 	32	94.935894
պ	1402	436.246157
ա	1377	84.960938
տ	1407	86.197853
ե	1381	171.411037
ր	1408	309.837818
ա	1377	208.894968
զ	1382	157.751083
մ	1396	185.170174
ը	1384	109.377384
 	32	94.810009
մ	1396	157.516241
ե	1381	125.866413
ջ	1403	65.915346
տ	1407	199.724436
ե	1381	182.512283
ղ	1394	77.547789
 	32	86.681366
է	1383	44.325829
լ	1388	168.422222
չ	1401	93.569279
ը	1384	156.808615
ն	1398	54.372549
կ	1391	157.853127
ն	1398	137.321949
ե	1381	199.136019
ր	1408	82.797050
,	44	185.801268
 	32	116.815567
ա	1377	331.864119
մ	1396	104.545593
ե	1381	924.493790
ն	1398	319.587708
 	32	187.873125
ի	1387	92.547417
ն	1398	163.503408
չ	1401	315.487862
 	32	54.266691
է	1383	256.947279
լ	1388	445.295572
ի	1387	219.381094
 	32	61.524391
ն	1398	133928.060055
ո	1400	295.652151
ւ	1410	285.445452
յ	1397	265.657902
ն	1398	280.106068
ի	1387	143.897295
ն	1398	82.823277
 	32	251.463413
կ	1391	79.745770
հ	1392	101.028204
ա	1377	92.578888
ն	1398	108.616114
գ	1379	72.449207
ե	1381	43.927908
ր	1408	170.034885
,	44	91.509581
 	32	181.971073
բ	1378	32.621861
ա	1377	171.421766
յ	1397	130.452394
ց	1409	72.063446
 	32	82.502604
ք	1412	551.788807
ա	1377	135.537863
ն	1398	159.671783
ի	1387	524.195671
 	32	94.074249
հ	1392	79.086781
ա	1377	170.748711
վ	1406	110.265493
ա	1377	66.184521
տ	1407	158.407211
ա	1377	149.386883
ց	1409	55.233002
ն	1398	519.478559
ո	1400	668.366432
ւ	1410	209.656715
մ	1396	67.089081
 	32	561.131001
է	1383	172.971725
ի	1387	91.913462
ն	1398	66.241980
,	44	93.867064
 	32	118.422508
թ	1385	81.007242
ե	1381	240.734100
 	32	82.214594
դ	1380	100.767612
ժ	1386	49.922943
վ	1406	51.137686
ա	1377	128.292322
ր	1408	45.422316
ն	1398	426.957846
 	32	188.324451
է	1383	76.614618
ն	1398	72.679758
 	32	94.609976
է	1383	149.081707
՝	1373	50.099134
 	32	110.281467
կ	1391	112.859011
ռ	1404	179.795980
վ	1406	72.283506
ի	1387	185.567379
ր	1408	88.279009
ց	1409	93.625307
 	32	54.483175
ո	1400	188.280106
ղ	1394	46.775341
ջ	1403	171.770096
 	32	270.479918
պ	1402	146.576405
ր	1408	207.717657
ծ	1390	66.687584
ն	1398	168.934107
ե	1381	179.432392
ն	1398	87.424040
,	44	210.821867
 	32	185.252428
դ	1380	178.981066
ր	1408	65.311193
ա	1377	107.556820
ն	1398	257.287979
ի	1387	80.142736
ց	1409	183.893442
 	32	469.339132
հ	1392	65.379620
ե	1381	133.981466
տ	1407	281.337738
ո	1400	208.474159
 	32	154.857635
ի	1387	136.946201
ս	1405	210.199594
կ	1391	299.140215
ա	1377	136.779547
պ	1402	145.852089
ե	1381	113.734961
ս	1405	222.687244
 	32	220.506430
չ	1401	249.046326
տ	1407	138.722420
ե	1381	233.304977
ս	1405	174.902439
ն	1398	261.980534
վ	1406	253.301620
ա	1377	110.079527
ծ	1390	100.337267
 	32	198.722124
մ	1396	71.715832
ի	1387	110.208273
 	32	100.284815
բ	1378	44.522047
ա	1377	147.644520
ն	1398	78.242302
 	32	100.892544
է	1383	101.050854
 	32	132.538795
լ	1388	78.037500
ի	1387	99.230766
ն	1398	136.513948
ե	1381	142.577171
լ	1388	134.564877
ո	1400	149.672985
ւ	1410	82.509041
,	44	86.048126
 	32	106.578112
ի	1387	77.392817
ս	1405	166.754723
կ	1391	105.129242
 	32	134.073496
ե	1381	165.987968
ս	1405	67.290783
 	32	172.988653
մ	1396	101.595640
ա	1377	115.238428
զ	1382	126.917362
ա	1377	139.953375
չ	1401	33.351898
ա	1377	399.011850
փ	1411	367.703915
 	32	72.001219
չ	1401	204.237223
է	1383	65.718889
ի	1387	83.140612
 	32	79.043865
հ	1392	122.680187
ա	1377	88.879108
վ	1406	144.243002
ա	1377	61.220407
տ	1407	148.180723
ո	1400	97.534418
ւ	1410	86.055279
մ	1396	88.000059
 	32	39.663792
ս	1405	187.087297
ր	1408	67.400217
ա	1377	152.366400
ն	1398	82.979441
։	1417	73.587894
 	32	109.404564
Մ	1348	112.474918
տ	1407	127.251863
ք	1412	81.632376
ո	1400	96.680641
վ	1406	104.629040
ս	1405	183.387041
 	32	148.618221
չ	1401	196.011305
է	1383	107.343435
ր	1408	230.183601
 	32	201.871872
է	1383	344.937325
լ	1388	124.977350
 	32	97.557545
ա	1377	93.862295
ն	1398	145.888329
ց	1409	60.593128
ն	1398	77.380896
ո	1400	128.719807
ւ	1410	221.108913
մ	1396	126.384974
,	44	359.276772
 	32	179.189444
թ	1385	60.018063
ե	1381	81.673622
 	32	108.899832
ն	1398	96.534252
մ	1396	128.362656
ա	1377	278.548479
ն	1398	227.416515
 	32	183.157921
ճ	1395	322.908640
ա	1377	244.219542
ն	1398	196.483612
ա	1377	191.226482
պ	1402	153.513432
ա	1377	123.392105
ր	1408	632.201195
հ	1392	132.379055
ո	1400	83.829403
վ	1406	100.424528
 	32	212.843418
կ	1391	120.534182
ա	1377	65.897226
ր	1408	168.545961
ե	1381	141.584158
լ	1388	181.551933
ի	1387	111.023903
 	32	94.247580
է	1383	79.470634
 	32	196.321011
հ	1392	173.359394
ա	1377	52.410364
ս	1405	144.778252
ն	1398	221.302986
ե	1381	100.756645
լ	1388	443.752527
 	32	176.935434
ի	1387	105.882168
ն	1398	127.531290
չ	1401	72.423935
֊	1418	220.379114
ո	1400	144.833326
ր	1408	101.339340
 	32	173.689365
չ	1401	38.989067
տ	1407	225.741386
ե	1381	146.848917
ս	1405	681.047678
ն	1398	86.173296
վ	1406	222.085714
ա	1377	102.122307
ծ	1390	140.966654
,	44	98.954439
 	32	93.791723
ա	1377	99.030018
ր	1408	118.271351
դ	1380	65.690994
ա	1377	220.617533
ր	1408	68.059444
ա	1377	254.754543
ց	1409	131.779671
ի	1387	145.518303
 	32	200.926065
կ	1391	322.631121
ա	1377	150.108814
մ	1396	158.735752
 	32	139.954329
օ	1413	177.272797
գ	1379	128.363132
տ	1407	195.663929
ա	1377	101.409674
կ	1391	112.463951
ա	1377	214.261532
ր	1408	92.248201
,	44	22.398472
 	32	155.095100
կ	1391	118.557215
ա	1377	82.222462
տ	1407	83.218575
ա	1377	1068.423510
ր	1408	130.239487
յ	1397	132.038832
ա	1377	194.208145
լ	1388	133.896351
 	32	98.092794
կ	1391	107.702732
ա	1377	316.981077
մ	1396	119.718075
 	32	50.616503
մ	1396	184.207678
ե	1381	122.524977
ծ	1390	85.076571
․	8228	105.821133
 	32	163.438559
ա	1377	281.688452
զ	1382	59.954643
ն	1398	101.883173
ի	1387	111.676455
վ	1406	131.748438
,	44	99.079609
 	32	85.482597
ճ	1395	84.220886
ի	1387	166.624069
շ	1399	120.926857
տ	1407	71.093321
 	32	175.034285
կ	1391	105.704308
ա	1377	99.050760
մ	1396	55.701733
 	32	172.515154
մ	1396	37.650824
ա	1377	194.201231
ր	1408	66.329718
դ	1380	137.832642
կ	1391	99.288464
ա	1377	130.107164
յ	1397	409.629822
ի	1387	87.515593
ն	1398	142.736912
 	32	65.935850
բ	1378	106.357813
ա	1377	78.380585
ն	1398	90.508461
ի	1387	169.233084
։	1417	104.671478
 	32	131.964445
Ի	1339	87.742567
մ	1396	284.784079
 	32	98.174810
կ	1391	114.864111
ա	1377	65.294027
ր	1408	137.274265
ծ	1390	92.909575
ի	1387	161.913633
ք	1412	249.846697
ո	1400	211.324692
վ	1406	93.252420
,	44	171.208858
 	32	110.986471
պ	1402	71.880341
ա	1377	169.926405
տ	1407	121.963739
ե	1381	61.979771
ր	1408	187.547684
ա	1377	192.195654
զ	1382	207.010031
մ	1396	86.503506
ն	1398	120.410442
 	32	126.317978
ո	1400	143.461466
ւ	1410	78.407288
ղ	1394	87.429285
ղ	1394	121.483564
ա	1377	87.386370
կ	1391	98.919868
ի	1387	142.799139
 	32	379.033327
դ	1380	121.249676
ժ	1386	80.115318
բ	1378	43.622017
ա	1377	184.120655
խ	1389	56.380749
տ	1407	120.173693
ո	1400	49.383163
ւ	1410	80.082417
թ	1385	52.320719
յ	1397	278.451681
ո	1400	200.370312
ւ	1410	154.547930
ն	1398	218.684196
 	32	93.476295
է	1383	127.917290
ր	1408	94.329834
,	44	115.943909
 	32	509.544134
ո	1400	269.428492
ր	1408	153.261900
ի	1387	201.643467
 	32	232.275963
ա	1377	287.728548
ռ	1404	97.965002
ա	1377	210.332632
ջ	1403	81.785202
ը	1384	191.477776
 	32	58.198452
մ	1396	219.779015
ա	1377	135.341167
ր	1408	189.365864
դ	1380	145.340681
ի	1387	185.363054
կ	1391	88.611603
 	32	120.486736
չ	1401	71.815491
ե	1381	129.070997
ն	1398	192.668200
 	32	189.099073
ա	1377	67.325115
ռ	1404	138.685465
ե	1381	82.753181
լ	1388	163.691759
,	44	612.551928
 	32	236.449480
ո	1400	71.273565
ւ	1410	384.959698
 	32	179.084301
գ	1379	83.551645
ա	1377	320.743799
լ	1388	135.055065
ո	1400	137.724400
ւ	1410	199.308634
 	32	165.807009
է	1383	230.363846
ր	1408	92.779160
 	32	114.361763
ա	1377	86.318970
ն	1398	106.097460
ց	1409	77.324629
ն	1398	153.075457
ե	1381	71.931839
ր	1408	121.423721
,	44	95.328569
 	32	215.802431
մ	1396	55.892467
ի	1387	216.957569
 	32	282.561302
օ	1413	92.743635
ր	1408	120.206118
 	32	146.218300
է	1383	46.105862
լ	1388	175.400257
 	32	100.669622
ա	1377	102.215528
շ	1399	154.546022
խ	1389	265.560150
ա	1377	88.640213
ր	1408	171.809435
հ	1392	65.501451
ի	1387	198.619604
 	32	91.724396
ե	1381	366.935253
ր	1408	136.691093
ե	1381	197.105646
ս	1405	76.167345
ի	1387	105.556965
ց	1409	168.460369
 	32	115.041256
ջ	1403	198.708296
ն	1398	77.338457
ջ	1403	118.812323
վ	1406	65.998316
ե	1381	123.070717
ր	1408	85.789919
,	44	127.259016
 	32	94.060183
ի	1387	288.930416
ս	1405	76.726437
կ	1391	128.721476
 	32	105.061531
ա	1377	71.525335
մ	1396	9617.852926
ե	1381	60.100555
ն	1398	193.173885
ա	1377	95.108271
կ	1391	119.709730
ա	1377	94.587564
ր	1408	109.131813
և	1415	81.169605
ո	1400	78.339577
ր	1408	132.141829
 	32	123.163700
բ	1378	77.180862
ա	1377	92.984438
ն	1398	106.968641
ե	1381	72.684050
ր	1408	203.449965
ը	1384	82.703590
 	32	157.254934
մ	1396	113.292217
ն	1398	78.042507
ա	1377	174.630880
լ	1388	172.365427
ո	1400	67.174196
ւ	1410	137.120247
 	32	82.636595
է	1383	104.441643
ի	1387	182.187557
ն	1398	181.254148
 	32	248.249531
ի	1387	137.086153
ր	1408	103.805065
ե	1381	193.921804
ն	1398	294.777393
ց	1409	861.284018
 	32	170.175076
ն	1398	113.126278
ա	1377	80.503225
խ	1389	173.519135
կ	1391	446.680546
ի	1387	278.895617
ն	1398	113.338470
 	32	272.308350
տ	1407	134.426594
ե	1381	76.315403
ղ	1394	215.395212
ո	1400	178.221464
ւ	1410	88.409662
մ	1396	228.943586
՝	1373	86.878300
 	32	131.422520
ա	1377	116.079092
ռ	1404	93.935013
ա	1377	83.802700
ջ	1403	146.198034
վ	1406	84.820747
ա	1377	95.541477
 	32	103.423357
ն	1398	78.874111
մ	1396	116.729975
ա	1377	112.527609
ն	1398	501.815557
,	44	185.704231
 	32	122.544050
մ	1396	87.750912
ի	1387	66.837788
ն	1398	196.815729
չ	1401	54.765940
և	1415	93.305349
 	32	118.262529
դ	1380	82.147121
ժ	1386	149.147987
բ	1378	50.130129
ա	1377	201.739550
խ	1389	180.156231
տ	1407	77.680349
ո	1400	98.852634
ւ	1410	87.726593
թ	1385	76.543093
յ	1397	74.131250
ա	1377	112.452030
ն	1398	88.808537
 	32	145.616293
գ	1379	65.617800
ա	1377	136.876822
լ	1388	148.627520
ն	1398	76.172590
 	32	114.724636
ո	1400	94.020367
ւ	1410	56.510210
 	32	133.164883
ա	1377	89.649916
ն	1398	128.968716
ց	1409	190.191269
ն	1398	142.932892
ե	1381	147.490978
լ	1388	233.324051
ը	1384	190.811396
։	1417	39.634943
 	32	214.776993
Ե	1333	198.314190
ս	1405	84.268332
 	32	171.046734
պ	1402	87.956429
ա	1377	116.874695
ր	1408	207.225800
զ	1382	150.137663
ա	1377	100.181341
պ	1402	138.491631
ե	1381	322.521925
ս	1405	94.741821
 	32	114.405632
չ	1401	189.008713
է	1383	185.349464
ի	1387	88.714838
 	32	138.975382
հ	1392	229.274035
ա	1377	56.011438
վ	1406	190.082073
ա	1377	101.594687
տ	1407	168.830395
ո	1400	116.884470
ւ	1410	183.284521
մ	1396	93.848467
 	32	949.253321
պ	1402	452.524185
ա	1377	228.681087
տ	1407	49.246311
ե	1381	417.605162
ր	1408	173.355818
ա	1377	55.012941
զ	1382	174.754858
մ	1396	91.215611
ի	1387	110.790491
ն	1398	113.940001
։	1417	81.925392
 	32	66.551685
Հ	1344	88.460445
ի	1387	60.944557
մ	1396	101.939917
ա	1377	184.542179
 	32	49.571037
է	1383	50.549269
լ	1388	139.933109
 	32	71.003437
չ	1401	68.246365
ե	1381	112.545967
մ	1396	87.046146
 	32	94.542265
հ	1392	87.754250
ա	1377	76.494932
վ	1406	146.325588
ա	1377	228.744030
տ	1407	185.016870
ո	1400	106.166363
ւ	1410	201.169729
մ	1396	112.018108
։	1417	209.553480
 	32	128.715277
Ո	1352	200.158596
ւ	1410	197.290659
 	32	297.773600
ե	1381	86.923599
ր	1408	192.518234
բ	1378	109.563112
ե	1381	106.670618
ք	1412	147.688627
 	32	122.483253
չ	1401	960.648060
ե	1381	134.738207
մ	1396	81.813335
 	32	83.630323
հ	1392	145.564079
ա	1377	55.503845
վ	1406	124.208450
ա	1377	114.926338
տ	1407	238.192558
ա	1377	245.173931
։	1417	169.776678
 	32	268.235683
Ի	1339	38.267612
մ	1396	329.370260
 	32	95.852852
կ	1391	202.192068
ա	1377	65.886497
ր	1408	94.366789
ծ	1390	99.221230
ի	1387	181.062460
ք	1412	149.868488
ո	1400	197.927952
վ	1406	130.244970
,	44	212.988615
 	32	166.939259
պ	1402	143.141985
ա	1377	95.257759
տ	1407	217.201233
ե	1381	120.031357
ր	1408	75.048923
ա	1377	160.209656
զ	1382	94.126463
մ	1396	94.310045
ն	1398	461.364508
 	32	102.198362
ը	1384	102.271557
ն	1398	35.705805
դ	1380	171.954632
ա	1377	29.031277
մ	1396	98.043203
ե	1381	123.010635
ն	1398	161.759138
ը	1384	82.091331
 	32	105.112553
ձ	1393	150.631666
ա	1377	195.689917
խ	1389	165.701151
ո	1400	133.377075
ղ	1394	171.904802
ո	1400	305.284023
ւ	1410	121.838093
մ	1396	401.512384
ն	1398	137.647867
ե	1381	73.901415
ր	1408	144.979715
ն	1398	73.137760
 	32	113.603830
ա	1377	181.143045
ր	1408	152.334213
դ	1380	137.517214
ա	1377	121.580124
ր	1408	122.703552
ա	1377	72.663546
ց	1409	48.858404
ն	1398	166.824102
ե	1381	22.567272
լ	1388	120.053768
ո	1400	104.756832
ւ	1410	176.084042
 	32	72.838545
ա	1377	313.656569
ն	1398	169.974089
հ	1392	161.550045
ա	1377	210.163116
ջ	1403	77.829123
ո	1400	116.482019
ղ	1394	83.729744
 	32	113.486290
մ	1396	469.379902
ի	1387	227.321625
ջ	1403	139.060020
ո	1400	201.397657
ց	1409	161.950588
 	32	131.732225
է	1383	48.670053
։	1417	189.001322
 	32	97.210884
Ա	1329	167.019367
ս	1405	155.895233
ե	1381	213.650942
ն	1398	113.407612
ք	1412	200.671673
՝	1373	99.416018
 	32	169.617891
ի	1387	95.919371
ն	1398	178.106070
չ	1401	169.668913
֊	1418	215.241432
ո	1400	224.765539
ր	1408	141.020060
 	32	154.572964
մ	1396	70.504665
ա	1377	162.372589
հ	1392	76.938629
ա	1377	255.560160
բ	1378	160.680294
ե	1381	122.897148
ր	1408	97.414494
 	32	215.964317
մ	1396	223.388433
ա	1377	54.913282
ն	1398	178.338766
ր	1408	136.391163
է	1383	65.623045
ն	1398	169.910669
ե	1381	196.767807
ր	1408	44.096708
ի	1387	96.198082
 	32	114.366531
շ	1399	128.352642
ա	1377	73.421001
տ	1407	126.868486
 	32	89.195967
ս	1405	148.001432
ա	1377	221.233845
զ	1382	127.995014
ա	1377	115.615606
կ	1391	94.886065
ա	1377	82.857370
ն	1398	71.640015
 	32	184.884310
է	1383	100.021601
 	32	168.577194
մ	1396	108.334064
ա	1377	280.964851
ր	1408	323.362589
դ	1380	451.221228
ո	1400	447.295189
ւ	1410	128.080845
 	32	184.253931
մ	1396	228.374481
ա	1377	189.620495
ր	1408	1209.681273
մ	1396	72.462559
ն	1398	210.486650
ի	1387	148.490906
 	32	178.899765
մ	1396	140.373230
ե	1381	128.244162
ջ	1403	326.521873
 	32	161.523342
կ	1391	98.865032
ռ	1404	540.555954
ի	1387	143.729687
վ	1406	201.067686
 	32	275.449038
տ	1407	99.106073
ա	1377	90.314627
լ	1388	242.693901
 	32	187.977552
կ	1391	309.974909
ե	1381	167.155981
ն	1398	125.938654
ս	1405	406.484604
ա	1377	321.035624
ր	1408	104.554415
ա	1377	89.666843
ր	1408	437.053442
 	32	519.352674
ն	1398	254.714251
ե	1381	113.592148
ր	1408	92.258215
ի	1387	103.719950
 	32	411.858082
դ	1380	134.190798
ե	1381	82.620859
մ	1396	89.992285
․	8228	293.380499
 	32	107.737303
դ	1380	156.661272
ա	1377	146.420479
 	32	137.208462
բ	1378	151.725769
ն	1398	105.134487
ո	1400	95.537424
ւ	1410	130.946636
թ	1385	43.881416
յ	1397	249.734879
ա	1377	88.397026
ն	1398	81.834555
 	32	95.981121
օ	1413	139.272451
ր	1408	92.867136
ե	1381	204.749584
ն	1398	170.332670
ք	1412	135.246992
ն	1398	93.059301
 	32	115.847111
է	1383	70.982456
,	44	120.265722
 	32	85.521221
բ	1378	169.523716
ա	1377	71.743011
յ	1397	106.775522
ց	1409	94.008446
 	32	158.226013
մ	1396	49.668550
ա	1377	61.684608
ր	1408	205.640793
դ	1380	65.778255
ի	1387	145.492077
կ	1391	202.024221
 	32	194.842815
ա	1377	110.226393
խ	1389	57.744980
ր	1408	146.970749
 	32	66.461086
հ	1392	187.149763
ո	1400	58.650494
 	32	154.966354
մ	1396	82.906723
ա	1377	108.514071
ն	1398	102.462530
ր	1408	94.425678
է	1383	209.133387
ն	1398	50.016642
ե	1381	104.854107
ր	1408	65.969229
 	32	191.875935
չ	1401	101.224661
ե	1381	85.842848
ն	1398	95.502615
։	1417	50.846815
