Ե
ր	1408	140.460730
բ	1378	158.457756
 	32	107.428551
ե	1381	142.052174
ս	1405	158.281803
 	32	89.404583
ո	1400	99.165916
ւ	1410	85.164785
 	32	55.880785
Ջ	1355	486.681700
ի	1387	111.205816
լ	1388	201.623678
ը	1384	172.816992
 	32	73.874235
ս	1405	113.734245
կ	1391	101.218700
ս	1405	78.466415
ե	1381	177.864552
ց	1409	144.670486
ի	1387	82.714796
ն	1398	147.086382
ք	1412	97.504854
 	32	83.017349
մ	1396	135.218143
ի	1387	205.108166
ա	1377	149.426460
ս	1405	100.701332
ի	1387	65.271139
ն	1398	185.185909
 	32	66.964149
ա	1377	227.648735
պ	1402	99.643946
ր	1408	160.421610
ե	1381	96.802711
լ	1388	143.202066
,	44	202.826500
 	32	60.629845
Ջ	1355	562.442541
ո	1400	192.491531
ն	1398	127.466440
,	44	239.184141
 	32	75.915813
Վ	1358	248.454809
ի	1387	162.428617
կ	1391	161.375284
տ	1407	81.150532
ո	1400	122.037172
ր	1408	334.694147
ն	1398	278.874636
 	32	69.527626
ո	1400	565.363646
ւ	1410	193.706274
 	32	104.949713
գ	1379	155.573130
ր	1408	124.973774
ո	1400	79.112053
ղ	1394	177.863836
ը	1384	65.845728
 	32	86.844921
Փ	1363	962.452173
ե	1381	524.896622
լ	1388	131.304026
 	32	33.718348
Մ	1348	281.982183
ե	1381	213.465691
լ	1388	97.535610
ի	1387	94.206572
 	32	83.335400
բ	1378	177.998066
ն	1398	121.626377
ա	1377	211.209536
կ	1391	296.843052
ա	1377	121.658802
ր	1408	202.547312
ա	1377	130.087376
ն	1398	68.559408
ո	1400	142.691374
ւ	1410	54.760218
մ	1396	124.969482
 	32	72.335720
մ	1396	103.668213
ն	1398	60.519457
ա	1377	164.827108
ց	1409	49.849272
ի	1387	153.844595
ն	1398	139.570236
 	32	74.404001
ե	1381	125.931978
ր	1408	88.449478
ե	1381	147.587061
ք	1412	93.017101
ո	1400	100.615263
վ	1406	114.802122
։	1417	55.108547
 	32	151.748180
Դ	1332	174.189568
ե	1381	157.307386
,	44	282.259226
 	32	194.413185
գ	1379	99.497318
ր	1408	258.091211
ո	1400	117.095947
ղ	1394	67.716122
ն	1398	104.055166
 	32	145.910025
ա	1377	48.221350
ն	1398	200.605392
ը	1384	100.068092
ն	1398	103.873730
դ	1380	276.636362
հ	1392	141.420841
ա	1377	272.648335
տ	1407	234.962225
 	32	792.369843
կ	1391	142.881393
ա	1377	129.068136
ր	1408	82.536221
դ	1380	148.459196
ա	1377	165.571451
լ	1388	97.224712
ո	1400	110.667467
վ	1406	262.546778
 	32	134.163618
է	1383	104.092598
ր	1408	126.547098
 	32	131.321192
տ	1407	104.932308
ա	1377	132.624388
ր	1408	136.128187
վ	1406	54.965496
ա	1377	177.817106
ծ	1390	77.805519
 	32	73.051214
կ	1391	127.466917
ա	1377	60.474396
մ	1396	127.973795
 	32	250.257969
է	1383	138.672352
լ	1388	82.807541
 	32	153.063536
«	171	65.962791
ց	1409	265.436172
ն	1398	105.372429
դ	1380	75.027466
ա	1377	289.810658
բ	1378	737.774372
ա	1377	173.744678
ն	1398	152.193069
ա	1377	116.246700
կ	1391	197.117805
ա	1377	62.881470
ն	1398	110.987902
»	187	95.939159
 	32	136.672735
ն	1398	66.140175
ի	1387	117.458344
ս	1405	258.884430
տ	1407	201.042891
ե	1381	181.763411
ր	1408	178.413391
ի	1387	175.726891
 	32	269.723415
ո	1400	44.276714
ւ	1410	94.107628
 	32	165.392399
ճ	1395	78.867435
ա	1377	146.670818
շ	1399	72.796822
կ	1391	71.143389
ե	1381	246.126890
ր	1408	136.699438
ո	1400	295.244932
ւ	1410	350.288153
յ	1397	353.753567
թ	1385	181.290150
ն	1398	102.530241
ե	1381	103.204012
ր	1408	158.350945
ի	1387	111.200094
 	32	221.527100
է	1383	510.920048
ր	1408	194.944859
 	32	76.481104
գ	1379	94.909191
ն	1398	151.817560
ո	1400	83.010674
ւ	1410	248.077869
մ	1396	135.099173
,	44	77.882767
 	32	242.872953
ո	1400	115.223646
ն	1398	83.118916
ց	1409	77.256680
 	32	215.451241
ո	1400	204.004765
ր	1408	76.976538
 	32	126.515388
ի	1387	345.135689
ն	1398	102.542639
ք	1412	109.203100
ն	1398	158.308744
 	32	70.311308
է	1383	50.029039
ր	1408	192.965269
 	32	146.966696
ա	1377	78.792095
ս	1405	88.241339
ո	1400	83.760262
ւ	1410	94.630241
մ	1396	119.731188
 	32	72.125673
(	40	163.412809
շ	1399	49.254179
ա	1377	250.403166
տ	1407	994.780064
 	32	205.171585
ա	1377	3580.407858
ն	1398	6019.318342
գ	1379	1698.591948
ա	1377	122.081518
մ	1396	155.277252
 	32	165.592432
ե	1381	186.520100
ս	1405	109.479666
 	32	62.008858
է	1383	77.306986
լ	1388	125.648737
 	32	71.676016
է	1383	348.116159
ի	1387	173.434258
 	32	87.999105
ս	1405	162.894249
տ	1407	140.925407
ի	1387	553.128004
պ	1402	332.762718
վ	1406	130.728245
ա	1377	94.891548
ծ	1390	316.510916
 	32	286.274672
հ	1392	88.812590
ե	1381	228.567600
տ	1407	92.003822
ը	1384	55.194855
 	32	296.968699
գ	1379	110.989809
ն	1398	314.945698
ո	1400	97.794771
ւ	1410	49.448967
մ	1396	138.918877
,	44	83.289385
 	32	128.808260
թ	1385	99.140406
ե	1381	92.284918
պ	1402	85.968256
ե	1381	174.350023
տ	1407	194.952250
 	32	76.388121
է	1383	333.720446
ն	1398	197.560549
ք	1412	314.633131
ա	1377	327.889919
ն	1398	550.657511
 	32	115.886211
է	1383	72.441816
ի	1387	278.196573
 	32	811.954975
զ	1382	135.912657
զ	1382	145.941257
վ	1406	212.207317
ե	1381	96.326590
լ	1388	65.547705
՝	1373	162.992477
 	32	71.921110
ա	1377	67.900181
մ	1396	437.883854
ե	1381	199.590445
ն	1398	153.871059
 	32	170.854568
կ	1391	93.206644
ե	1381	490.513086
ր	1408	183.619261
պ	1402	169.200420
 	32	141.084433
ա	1377	83.630323
շ	1399	102.968693
խ	1389	71.142673
ա	1377	198.093653
տ	1407	436.938524
ո	1400	187.294722
ւ	1410	104.887962
մ	1396	149.000883
 	32	305.166006
է	1383	111.197948
ի	1387	129.734278
 	32	211.181879
հ	1392	481.290102
ո	1400	126.592636
գ	1379	90.030909
ի	1387	164.148092
ս	1405	61.552763
 	32	214.605331
ա	1377	49.324751
զ	1382	67.913294
ա	1377	138.123989
տ	1407	73.773623
ե	1381	154.396772
լ	1388	98.932266
)	41	161.429405
։	1417	146.062851
 	32	97.733974
Մ	1348	1039.606810
ի	1387	658.717394
 	32	212.569714
խ	1389	180.645943
ո	1400	94.577312
ս	1405	129.317045
ք	1412	190.920353
ո	1400	2160.480499
վ	1406	1090.877056
,	44	597.187757
 	32	1937.535763
է	1383	235.943079
ն	1398	82.042456
պ	1402	224.250078
ե	1381	77.383041
ս	1405	235.815525
 	32	283.306837
է	1383	289.178848
ր	1408	254.131317
 	32	175.359249
ս	1405	74.684381
տ	1407	540.641785
ա	1377	122.192860
ց	1409	177.746534
վ	1406	65.493584
ո	1400	142.677546
ւ	1410	113.815784
մ	1396	151.790142
,	44	93.137264
 	32	72.632313
ո	1400	169.858456
ր	1408	204.794168
 	32	65.338850
Վ	1358	210.027695
ի	1387	224.369049
կ	1391	114.932299
տ	1407	98.314047
ո	1400	194.994211
ր	1408	167.892933
ն	1398	54.692030
 	32	71.770906
ո	1400	165.519476
ւ	1410	38.485050
 	32	372.856617
Ջ	1355	132.418871
ո	1400	163.635492
ն	1398	132.242680
 	32	23.100376
ժ	1386	205.368280
ա	1377	238.000870
մ	1396	75.778484
ա	1377	78.695774
ն	1398	110.265493
ա	1377	54.698467
կ	1391	480.358362
ի	1387	248.785019
 	32	149.547100
մ	1396	106.236696
ե	1381	1040.130377
ծ	1390	118.378401
 	32	134.455204
մ	1396	120.217085
ա	1377	111.984253
ս	1405	97.444057
ը	1384	108.774662
 	32	147.814989
ե	1381	78.194141
ր	1408	149.059296
կ	1391	88.339090
ո	1400	356.410980
ւ	1410	79.528570
ս	1405	502.396107
ո	1400	114.405870
վ	1406	77.157259
 	32	171.793222
է	1383	87.108612
ի	1387	416.808367
ն	1398	110.188484
 	32	213.622808
ա	1377	313.387394
ն	1398	73.323250
ց	1409	104.665279
կ	1391	162.980556
ա	1377	147.355080
ց	1409	141.385555
ն	1398	129.165173
ո	1400	116.128206
ւ	1410	169.321060
մ	1396	82.206011
։	1417	372.279406
 	32	407.926321
Ո	1352	122.374058
ւ	1410	187.034607
ր	1408	122.371912
ա	1377	153.689384
խ	1389	111.472607
 	32	106.367826
է	1383	94.305038
ի	1387	184.869766
 	32	205.117226
դ	1380	167.569876
ր	1408	117.596865
ա	1377	95.100641
 	32	152.281761
հ	1392	137.454033
ա	1377	153.768539
մ	1396	77.656746
ա	1377	223.595381
ր	1408	116.101980
,	44	271.381140
 	32	120.273352
ա	1377	1025.810719
խ	1389	142.312288
ր	1408	132.621050
 	32	122.510433
Վ	1358	94.685793
ի	1387	112.236977
կ	1391	12.891054
տ	1407	272.413731
ո	1400	113.791943
ր	1408	92.939854
ի	1387	93.410492
 	32	109.192133
մ	1396	342.426538
ո	1400	78.382492
ր	1408	519.721031
ը	1384	181.578398
 	32	228.724718
խ	1389	71.535587
ո	1400	354.592800
ս	1405	113.974094
ք	1412	146.704912
 	32	155.858994
է	1383	108.326912
ի	1387	93.454361
 	32	180.420160
տ	1407	91.020107
վ	1406	193.006039
ե	1381	149.331808
լ	1388	76.276064
,	44	158.710003
 	32	74.568033
ո	1400	189.187050
ր	1408	81.218719
 	32	197.297096
ա	1377	163.762569
չ	1401	132.282257
ք	1412	104.617357
ս	1405	77.068329
 	32	82.906961
ն	1398	469.244719
ր	1408	215.277910
ա	1377	142.088175
 	32	105.138779
վ	1406	203.330040
ր	1408	50.849199
ա	1377	93.508244
 	32	163.187504
կ	1391	48.809528
պ	1402	143.861294
ա	1377	93.605995
հ	1392	115.741253
ե	1381	214.871407
մ	1396	55.711746
 	32	155.928135
ո	1400	172.442675
ւ	1410	82.872868
 	32	132.222652
մ	1396	133.366108
տ	1407	119.859934
ա	1377	106.719255
դ	1380	109.494209
ի	1387	173.634052
ր	1408	198.468208
 	32	83.735704
է	1383	167.726040
ի	1387	119.246960
 	32	106.202602
խ	1389	76.786041
ո	1400	132.143021
ս	1405	77.386618
ք	1412	94.886541
ի	1387	288.387537
ս	1405	183.300495
 	32	72.431564
տ	1407	194.929361
ե	1381	83.062172
ր	1408	162.203074
ը	1384	83.354473
 	32	122.579098
լ	1388	188.645363
ի	1387	157.232523
ն	1398	257.451773
ե	1381	40.728569
լ	1388	172.905207
,	44	260.347366
 	32	103.252411
բ	1378	111.210346
ա	1377	85.763693
յ	1397	224.857092
ց	1409	60.792446
 	32	157.928944
ի	1387	151.987076
՞	1374	72.422743
ն	1398	205.325127
չ	1401	37.800550
 	32	173.335791
ի	1387	88.521004
մ	1396	87.410212
ա	1377	158.807993
ն	1398	66.908121
ա	1377	88.541746
յ	1397	33.911467
ի	1387	239.311695
,	44	146.989584
 	32	460.614204
թ	1385	131.795883
ե	1381	209.616184
 	32	116.315126
ո	1400	38.769484
ւ	1410	106.038332
զ	1382	339.921713
ա	1377	253.295660
ծ	1390	167.440176
ս	1405	94.477415
 	32	179.427147
ա	1377	158.168793
ղ	1394	110.414505
ջ	1403	105.168343
կ	1391	139.910221
ա	1377	121.845484
ն	1398	82.652330
 	32	234.671354
կ	1391	70.979357
գ	1379	136.609554
տ	1407	192.104101
ն	1398	110.655546
ե	1381	136.054277
մ	1396	98.279953
,	44	137.404442
 	32	361.974955
կ	1391	168.554544
ա	1377	155.045509
մ	1396	94.558477
ո	1400	176.885128
ւ	1410	206.354380
ս	1405	283.993483
ն	1398	174.044371
ա	1377	135.778904
ն	1398	88.210821
ա	1377	82.616329
մ	1396	169.874668
,	44	115.196466
 	32	217.180252
Լ	1340	95.694065
ո	1400	128.805876
ն	1398	134.418726
դ	1380	213.795185
ո	1400	66.612244
ն	1398	296.744823
ո	1400	92.758417
ւ	1410	97.920656
մ	1396	87.608576
 	32	90.240002
տ	1407	76.348066
ո	1400	151.333809
ւ	1410	98.925829
ն	1398	81.955671
֊	1418	102.916718
տ	1407	149.612188
ե	1381	191.794634
ղ	1394	78.349590
 	32	299.550533
կ	1391	270.045757
դ	1380	92.333555
ն	1398	137.486219
ե	1381	137.706280
մ	1396	106.116772
 	32	118.760347
ո	1400	58.184147
ւ	1410	201.244354
 	32	43.720007
տ	1407	147.971153
ղ	1394	56.573868
ա	1377	356.706619
յ	1397	106.351137
ի	1387	71.735620
ս	1405	153.694868
 	32	257.161379
ծ	1390	132.245302
ն	1398	44.760466
վ	1406	279.523611
ե	1381	102.775812
լ	1388	183.475256
ո	1400	100.967884
ւ	1410	1903.072834
ն	1398	366.006136
 	32	163.998365
կ	1391	113.589764
ս	1405	164.357901
պ	1402	225.050449
ա	1377	606.474400
ս	1405	64.485312
ե	1381	79.926491
մ	1396	191.326141
։	1417	225.659847
 	32	175.868988
Է	1335	125.064373
ս	1405	74.801445
 	32	125.747442
բ	1378	120.820999
ո	1400	280.039310
լ	1388	232.809544
ո	1400	93.030453
ր	1408	183.707952
ը	1384	165.684938
 	32	96.104622
հ	1392	96.167803
ո	1400	160.905600
 	32	83.831310
չ	1401	193.060875
գ	1379	133.173704
ի	1387	188.215494
տ	1407	104.372025
ե	1381	32.886028
ի	1387	207.459927
,	44	117.523432
 	32	236.614227
ո	1400	191.458464
ւ	1410	92.941999
 	32	323.288918
հ	1392	108.143091
ի	1387	230.634928
մ	1396	158.555746
ա	1377	104.719639
 	32	110.899925
դ	1380	71.038246
ո	1400	179.344654
ւ	1410	108.922482
ր	1408	134.263515
ս	1405	74.016809
 	32	146.827459
է	1383	281.551361
ր	1408	178.385973
 	32	104.339361
գ	1379	329.193115
ա	1377	536.287308
լ	1388	132.915735
ի	1387	59.875727
ս	1405	1466.725111
,	44	210.521460
 	32	50.723314
ո	1400	175.200939
ր	1408	144.764185
 	32	536.227942
խ	1389	273.432493
ո	1400	94.732761
ս	1405	212.844133
ք	1412	89.601755
ի	1387	237.401724
ս	1405	99.316120
 	32	107.304096
տ	1407	1814.790010
ե	1381	178.301334
ր	1408	88.856936
ը	1384	154.825449
 	32	54.322720
չ	1401	144.392967
ե	1381	94.119787
մ	1396	134.623528
։	1417	60.900927
 	32	154.580832
Բ	1330	67.017078
ա	1377	91.957331
յ	1397	12.135744
ց	1409	135.092974
 	32	148.505688
պ	1402	60.383797
ա	1377	134.471416
ր	1408	107.992887
զ	1382	79.342604
վ	1406	345.207930
ե	1381	78.596592
ց	1409	186.350346
՝	1373	189.516306
 	32	88.089943
Ջ	1355	151.271820
ո	1400	94.387770
 	32	153.959036
Ֆ	1366	48.666477
ո	1400	134.787083
ք	1412	155.576706
ս	1405	98.585367
հ	1392	143.752337
ո	1400	158.731222
լ	1388	157.891035
ը	1384	236.595392
 	32	178.184509
ա	1377	166.734457
վ	1406	114.452362
ե	1381	134.445906
լ	1388	95.944405
ի	1387	99.213839
 	32	255.807877
լ	1388	140.918016
ա	1377	108.617544
վ	1406	102.034092
 	32	238.475561
ը	1384	146.366835
ն	1398	183.431625
կ	1391	192.838192
ե	1381	122.431755
ր	1408	379.987240
 	32	137.258053
է	1383	87.356567
 	32	145.441532
Վ	1358	830.831528
ի	1387	269.776344
կ	1391	164.654255
տ	1407	212.473392
ո	1400	208.435774
ր	1408	167.434692
 	32	179.183006
Տ	1359	152.435780
ո	1400	127.977371
ս	1405	115.514755
կ	1391	263.922215
ա	1377	75.448751
յ	1397	229.086637
ի	1387	98.505497
 	32	169.590473
հ	1392	11.826754
ա	1377	65.971613
մ	1396	105.121374
ա	1377	285.470963
ր	1408	83.448410
,	44	38.508654
 	32	105.179548
ք	1412	205.621958
ա	1377	149.594784
 	32	161.768436
ե	1381	92.689991
ս	1405	107.225180
 	32	72.653532
ե	1381	127.480030
ր	1408	131.793737
բ	1378	486.787319
և	1415	82.329988
է	1383	138.918400
 	32	110.855579
կ	1391	73.588610
ա	1377	157.993793
ր	1408	65.386057
ո	1400	392.952204
ղ	1394	153.988361
 	32	173.354864
է	1383	157.977819
ի	1387	190.211296
 	32	166.814804
լ	1388	45.289993
ի	1387	160.007954
ն	1398	690.965176
ե	1381	77.324152
լ	1388	114.704132
,	44	88.262558
 	32	115.714788
է	1383	197.230816
ն	1398	78.010798
պ	1402	64.280748
ե	1381	171.659946
ս	1405	154.407978
 	32	122.949839
ո	1400	170.671225
ր	1408	99.048376
 	32	128.662586
խ	1389	126.288414
ի	1387	76.727629
ղ	1394	368.914604
ճ	1395	338.168144
ս	1405	204.465866
 	32	73.530674
շ	1399	136.117220
ա	1377	191.372633
տ	1407	98.384142
 	32	98.545313
չ	1401	94.066620
է	1383	195.374966
ր	1408	67.132950
 	32	158.109426
տ	1407	59.889793
ա	1377	98.304987
ն	1398	179.467201
ջ	1403	59.986353
ո	1400	149.163961
ւ	1410	83.001614
մ	1396	108.519554
,	44	156.098366
 	32	78.083515
թ	1385	211.372137
ե	1381	167.467356
 	32	193.611622
խ	1389	527.882338
ո	1400	189.782619
ս	1405	121.296883
ք	1412	352.535248
ի	1387	94.808817
ս	1405	156.964540
 	32	98.432064
տ	1407	72.509766
ե	1381	503.347874
ր	1408	228.262186
ը	1384	265.043736
 	32	149.123192
չ	1401	188.518524
ե	1381	105.771303
մ	1396	299.308777
։	1417	107.576370
 	32	66.608906
Ջ	1355	365.601301
ո	1400	274.178982
 	32	175.788403
Ֆ	1366	82.137823
ո	1400	72.564125
ք	1412	229.196548
ս	1405	65.567017
հ	1392	94.164133
ո	1400	200.285196
լ	1388	177.542448
ը	1384	87.010145
 	32	184.209108
Վ	1358	175.227404
ի	1387	97.762346
կ	1391	91.243982
տ	1407	187.166691
ո	1400	78.076601
ր	1408	255.183458
ի	1387	144.192696
ն	1398	144.622564
 	32	359.337091
զ	1382	132.298470
բ	1378	193.770885
ա	1377	268.700123
ղ	1394	154.688835
ե	1381	133.130074
ց	1409	126.657486
ն	1398	158.305407
ո	1400	205.976486
ւ	1410	82.469463
մ	1396	157.450199
 	32	90.140581
է	1383	191.407919
լ	1388	54.244757
 	32	181.027889
է	1383	147.083998
ր	1408	65.811396
,	44	150.628328
 	32	87.206364
ո	1400	123.372078
ւ	1410	301.378250
ր	1408	182.830811
ա	1377	517.736197
խ	1389	199.372292
ա	1377	121.360779
ց	1409	1030.928612
ն	1398	270.647049
ո	1400	244.657993
ւ	1410	214.694977
մ	1396	149.337530
 	32	128.360033
է	1383	123.461008
լ	1388	293.346882
,	44	100.588560
 	32	728.570461
ի	1387	95.861673
ս	1405	150.416613
կ	1391	119.100571
 	32	51.267624
ի	1387	205.468178
մ	1396	507.553577
 	32	195.396185
ձ	1393	56.255102
ե	1381	203.590155
ռ	1404	200.066090
ք	1412	65.569639
ի	1387	209.288836
ց	1409	207.696438
 	32	170.213938
է	1383	119.172335
դ	1380	66.204786
ք	1412	94.096899
ա	1377	158.100605
ն	1398	77.239037
ը	1384	68.143368
 	32	341.703653
չ	1401	88.246584
է	1383	136.221647
ր	1408	102.950811
 	32	218.625307
գ	1379	72.165012
ա	1377	203.406572
,	44	55.070162
 	32	156.479120
ո	1400	88.895321
ւ	1410	275.779963
 	32	83.782434
ե	1381	180.986643
ս	1405	120.929718
 	32	91.175079
ի	1387	80.324411
ն	1398	291.584492
ձ	1393	67.573786
 	32	172.525167
ո	1400	1645.348072
ւ	1410	101.505756
 	32	412.691116
ի	1387	222.937822
ն	1398	54.987669
ձ	1393	207.485914
 	32	118.345737
գ	1379	63.819408
ց	1409	66.324711
ո	1400	2681.648731
ւ	1410	167.945623
մ	1396	56.522846
֊	1418	167.883873
բ	1378	195.968390
ռ	1404	60.900688
ն	1398	152.769804
ո	1400	110.249043
ւ	1410	168.701410
մ	1396	118.748665
 	32	234.295368
է	1383	222.598314
ի	1387	188.186884
,	44	176.309824
 	32	99.055052
թ	1385	208.450794
ե	1381	54.614544
 	32	210.865021
չ	1401	153.351307
ն	1398	223.202944
ա	1377	116.703033
յ	1397	245.750427
ա	1377	79.553366
ծ	1390	521.612406
 	32	66.171408
Ջ	1355	139.659166
ո	1400	82.334280
 	32	65.801382
Ֆ	1366	88.043213
ո	1400	143.500566
ք	1412	81.362963
ս	1405	95.797300
հ	1392	141.626358
ո	1400	45.096397
լ	1388	160.641193
ը	1384	48.888206
 	32	94.340801
ո	1400	96.009016
չ	1401	139.705896
 	32	147.778034
մ	1396	117.040157
ե	1381	66.983938
կ	1391	187.535524
ի	1387	235.571623
ն	1398	125.955105
 	32	94.326019
խ	1389	151.673555
ո	1400	192.509890
ս	1405	195.176363
ք	1412	499.786377
 	32	119.670868
չ	1401	81.721067
ի	1387	88.243961
 	32	181.955814
տ	1407	43.905497
վ	1406	98.813295
ե	1381	613.829374
լ	1388	378.180981
,	44	59.798717
 	32	143.876076
բ	1378	168.717623
ա	1377	115.008116
յ	1397	203.017235
ց	1409	213.573456
 	32	117.358685
ա	1377	92.187166
չ	1401	102.936268
ք	1412	187.967539
ը	1384	112.352133
 	32	463.112593
Վ	1358	193.383217
ի	1387	134.687185
կ	1391	337.113857
տ	1407	349.499464
ո	1400	286.470175
ր	1408	225.860357
ի	1387	139.669657
ց	1409	138.512850
 	32	234.070778
չ	1401	265.105247
ի	1387	77.035666
 	32	573.702335
հ	1392	51.128387
ե	1381	103.204250
ռ	1404	178.773880
ա	1377	90.099812
ց	1409	563.520670
ն	1398	134.997129
ո	1400	87.811947
ւ	1410	141.868353
մ	1396	157.094479
,	44	73.586464
 	32	209.187269
ք	1412	125.331879
ե	1381	162.904501
ֆ	1414	182.333469
ն	1398	101.349831
 	32	113.027334
է	1383	159.320831
լ	1388	82.708120
 	32	100.649595
տ	1407	205.890179
ե	1381	157.213926
ղ	1394	81.073046
ն	1398	197.275162
 	32	51.270962
է	1383	88.021755
 	32	33.995628
պ	1402	106.569767
ա	1377	79.956293
հ	1392	115.828753
ո	1400	70.291758
ւ	1410	137.883186
մ	1396	134.433031
․	8228	162.361383
 	32	66.924810
է	1383	404.617310
՛	1371	126.973629
,	44	161.990643
 	32	127.262354
ս	1405	59.835911
ր	1408	144.463062
ա	1377	158.621550
ն	1398	132.127523
ի	1387	96.191168
ց	1409	161.463499
 	32	151.655912
է	1383	87.180376
լ	1388	176.607847
 	32	94.135046
լ	1388	15.871048
ա	1377	173.444986
վ	1406	188.294411
 	32	116.699934
բ	1378	81.810474
ա	1377	89.145899
՞	1374	162.909985
ն	1398	181.926727
,	44	88.261127
 	32	309.752703
թ	1385	199.644327
ե	1381	202.009201
կ	1391	131.481409
ո	1400	92.889071
ւ	1410	161.842108
զ	1382	66.031218
 	32	79.190493
պ	1402	212.747574
ա	1377	71.380138
տ	1407	606.075764
ե	1381	526.510715
ր	1408	115.735531
ա	1377	105.150223
զ	1382	77.183008
մ	1396	160.016298
 	32	118.076086
լ	1388	145.966291
ի	1387	99.198341
ն	1398	120.410919
ի	1387	98.152161
,	44	94.624043
 	32	193.466663
թ	1385	272.580385
ե	1381	212.200880
կ	1391	90.778589
ո	1400	336.103916
ւ	1410	423.415422
զ	1382	104.696274
 	32	361.496449
խ	1389	80.852985
ա	1377	134.749413
ղ	1394	77.711105
ա	1377	77.426195
ղ	1394	87.521553
ո	1400	89.700460
ւ	1410	182.077408
թ	1385	158.567429
յ	1397	95.278263
ո	1400	220.233679
ւ	1410	96.770287
ն	1398	87.723255
։	1417	120.066881
	13	151.477575
	13	42.767048
Ի	1339	286.072493
ն	1398	266.221285
չ	1401	337.168694
 	32	144.078732
ա	1377	342.937469
ս	1405	190.912724
ե	1381	82.359076
մ	1396	79.018116
,	44	77.723742
 	32	133.893251
Ա	1329	77.371597
ն	1398	614.385605
գ	1379	151.999474
լ	1388	99.897385
ի	1387	125.794888
ա	1377	153.728247
 	32	85.920334
ե	1381	160.383224
կ	1391	111.614466
ա	1377	66.234827
ծ	1390	674.036503
 	32	66.053867
մ	1396	167.388678
ե	1381	103.782654
ր	1408	232.383966
 	32	72.377205
բ	1378	157.930613
ո	1400	166.895390
լ	1388	101.287127
ո	1400	88.781834
ր	1408	72.197437
 	32	140.951395
ծ	1390	77.008009
ա	1377	934.664488
ն	1398	89.419842
ո	1400	215.157509
թ	1385	192.270517
ն	1398	181.635857
ե	1381	225.934505
ր	1408	121.792316
ը	1384	98.705530
 	32	93.125105
(	40	58.865070
բ	1378	78.395367
ա	1377	163.141251
ց	1409	252.050161
ի	1387	552.939892
 	32	147.674799
Վ	1358	260.902166
ի	1387	173.538923
կ	1391	152.565956
տ	1407	82.754850
ո	1400	134.251595
ր	1408	70.606232
ի	1387	208.962679
ց	1409	112.344503
 	32	222.731113
ո	1400	82.501411
ւ	1410	502.919197
 	32	132.415056
գ	1379	248.629332
ր	1408	111.774445
ո	1400	83.511591
ղ	1394	91.899157
ի	1387	164.623976
ց	1409	354.863167
)	41	160.401106
 	32	105.918407
գ	1379	255.815506
լ	1388	138.023376
խ	1389	411.831379
ն	1398	426.103592
ե	1381	142.301559
ր	1408	60.313225
ի	1387	135.847569
 	32	155.403376
ճ	1395	94.413757
ա	1377	112.040758
ր	1408	71.154833
ը	1384	73.692799
 	32	276.619196
տ	1407	319.604158
ե	1381	176.482439
ս	1405	131.592751
ե	1381	138.870716
լ	1388	186.568022
 	32	254.304409
է	1383	256.791592
ի	1387	110.146999
ն	1398	132.221699
,	44	234.897614
 	32	110.611200
ա	1377	1320.339918
մ	1396	720.379591
ե	1381	1616.340399
ն	1398	403.577089
 	32	230.578899
մ	1396	2119.123936
ե	1381	59.977293
կ	1391	186.416149
ը	1384	141.860962
 	32	110.535622
մ	1396	693.055153
ի	1387	164.411783
 	32	163.033247
ա	1377	139.640570
ղ	1394	121.219158
ջ	1403	162.405252
ի	1387	176.388502
կ	1391	134.335041
 	32	881.796360
գ	1379	254.755735
տ	1407	55.063248
ե	1381	165.341139
լ	1388	390.920401
,	44	126.291275
 	32	126.153708
ո	1400	71.602583
ր	1408	94.024897
 	32	198.605537
հ	1392	84.506750
ե	1381	112.110376
տ	1407	1260.305643
ը	1384	609.813452
 	32	1271.819830
ժ	1386	171.461821
ա	1377	228.843689
մ	1396	257.709503
ա	1377	97.577095
ն	1398	94.105959
ա	1377	149.061441
կ	1391	64.632177
 	32	206.128120
ա	1377	98.331213
ն	1398	129.587173
ց	1409	393.868685
կ	1391	111.197472
ա	1377	192.670584
ց	1409	60.607433
ն	1398	167.206287
ի	1387	173.915386
 	32	78.126907
մ	1396	71.321487
ի	1387	121.709585
ն	1398	99.575281
չ	1401	138.500214
և	1415	218.575239
 	32	66.215515
ն	1398	116.568089
ե	1381	97.037554
ր	1408	85.895777
խ	1389	78.805208
ո	1400	71.477175
ւ	1410	180.448055
ժ	1386	93.613148
մ	1396	110.203266
ո	1400	184.859276
ւ	1410	77.224731
մ	1396	208.585739
ն	1398	110.727787
 	32	93.166113
ս	1405	140.152216
կ	1391	198.265076
ս	1405	503.111362
վ	1406	54.743767
ի	1387	272.510767
,	44	112.171650
 	32	153.873920
դ	1380	78.233004
ե	1381	263.406992
,	44	197.789192
 	32	72.225094
է	1383	120.073318
դ	1380	225.656033
 	32	71.586370
է	1383	150.000095
ր	1408	103.765965
 	32	59.448957
պ	1402	8060.286999
ա	1377	127.769947
կ	1391	44.610739
ա	1377	122.549534
ս	1405	84.326267
՝	1373	276.460409
 	32	116.476059
Ջ	1355	115.058661
ո	1400	117.711067
 	32	75.102329
Ֆ	1366	120.999575
ո	1400	116.630077
ք	1412	89.059591
ս	1405	125.884295
հ	1392	132.151842
ո	1400	98.153353
լ	1388	115.822554
ն	1398	84.271193
 	32	142.937660
է	1383	128.096104
լ	1388	87.730646
 	32	238.261461
չ	1401	92.438221
գ	1379	105.159044
տ	1407	204.226494
ն	1398	116.252899
ե	1381	248.384476
ր	1408	77.244759
։	1417	310.445070
	13	157.717466
	13	105.173826
Մ	1348	765.955687
ի	1387	98.725557
 	32	93.955755
ի	1387	358.252048
ր	1408	134.782791
ի	1387	151.927948
կ	1391	196.055889
ո	1400	235.496283
ւ	1410	61.736584
ն	1398	233.211279
,	44	257.204771
 	32	129.749537
ո	1400	104.273319
ն	1398	94.258070
ց	1409	584.363461
 	32	153.068542
պ	1402	145.493031
ա	1377	311.377764
տ	1407	104.454041
ա	1377	199.224234
հ	1392	310.195923
ե	1381	120.770931
ց	1409	160.695314
,	44	93.359709
 	32	94.138145
ի	1387	137.500525
ն	1398	131.153822
չ	1401	210.819721
,	44	55.162907
 	32	97.789526
ե	1381	168.168545
ս	1405	141.147614
 	32	70.180893
ո	1400	291.310072
ւ	1410	241.243839
 	32	124.737263
գ	1379	278.977156
ր	1408	167.421341
ո	1400	253.098965
ղ	1394	167.441130
ը	1384	96.960068
 	32	145.371675
մ	1396	70.393562
տ	1407	356.873035
ա	1377	102.773905
ն	1398	405.276060
ք	1412	157.982349
 	32	105.651379
Լ	1340	310.841799
ե	1381	148.778677
հ	1392	357.996702
ա	1377	240.573406
կ	1391	142.788887
ա	1377	322.695494
ն	1398	240.277290
 	32	270.535469
ա	1377	384.812117
կ	1391	329.109430
ո	1400	97.640991
ւ	1410	127.027035
մ	1396	179.852724
բ	1378	75.262070
՝	1373	97.602844
 	32	89.543819
խ	1389	67.856073
մ	1396	193.936825
ե	1381	114.751816
լ	1388	225.258112
ո	1400	114.636898
ւ	1410	87.085485
․	8228	115.211964
 	32	284.852028
հ	1392	270.009279
ե	1381	139.539957
ր	1408	253.928423
թ	1385	214.675426
ա	1377	105.336189
կ	1391	216.634512
ա	1377	183.105230
ն	1398	160.264969
,	44	162.568569
 	32	204.037189
շ	1399	71.324348
ա	1377	161.864042
տ	1407	360.293627
 	32	72.745323
կ	1391	295.473337
ա	1377	66.252232
ր	1408	123.662233
և	1415	59.417963
ո	1400	145.236492
ր	1408	44.114113
 	32	126.471281
ց	1409	78.169823
ն	1398	82.804680
դ	1380	76.569080
ա	1377	168.729544
բ	1378	93.600988
ա	1377	50.997496
ն	1398	192.703962
ա	1377	127.891779
կ	1391	132.760048
ա	1377	220.248461
ն	1398	103.746891
 	32	74.788570
ն	1398	210.464716
ի	1387	77.093840
ս	1405	176.518440
տ	1407	54.986238
ի	1387	77.550411
ց	1409	140.482903
 	32	118.780851
ն	1398	67.992210
ո	1400	219.560146
ր	1408	48.047304
 	32	105.822563
է	1383	246.281385
ի	1387	124.142885
ն	1398	94.407558
ք	1412	130.315065
 	32	67.423105
դ	1380	114.698887
ո	1400	494.952440
ւ	1410	200.458050
ր	1408	158.101559
ս	1405	75.700045
 	32	140.550852
ե	1381	71.902990
կ	1391	118.480921
ե	1381	54.902077
լ	1388	157.362461
,	44	153.653145
 	32	262.940407
ո	1400	119.526148
ւ	1410	167.128563
 	32	85.102081
ս	1405	296.802044
ր	1408	145.836592
տ	1407	245.780706
ն	1398	275.914431
ե	1381	171.829700
ր	1408	139.894247
ս	1405	83.559752
 	32	82.746267
խ	1389	256.689310
ա	1377	194.899797
ռ	1404	197.474241
ն	1398	93.330860
ո	1400	122.254133
ւ	1410	117.487669
մ	1396	200.390100
 	32	93.938828
է	1383	129.939318
ր	1408	60.167313
,	44	99.466085
 	32	286.924124
ա	1377	197.599888
մ	1396	70.713520
ա	1377	442.919016
չ	1401	164.127588
ո	1400	237.644434
ւ	1410	139.016151
մ	1396	146.644115
 	32	98.051786
է	1383	61.096430
ի	1387	108.921289
ն	1398	1009.705067
ք	1412	65.807343
 	32	141.169071
Ա	1329	169.180632
մ	1396	68.103790
ե	1381	126.416445
ր	1408	82.286835
ի	1387	197.046041
կ	1391	147.150278
ա	1377	112.726450
յ	1397	121.787310
ի	1387	232.529640
 	32	52.926064
հ	1392	113.563538
ա	1377	189.912796
մ	1396	66.842318
ա	1377	1990.894318
ր	1408	141.057491
։	1417	88.968039
 	32	235.245466
Բ	1330	175.293446
ա	1377	105.656385
ր	1408	271.817684
ի	1387	300.074577
 	32	93.270540
կ	1391	98.744154
ա	1377	127.469063
ն	1398	67.780972
գ	1379	261.628628
ն	1398	338.872671
ա	1377	182.931662
կ	1391	114.852190
ի	1387	114.990234
ն	1398	77.287912
 	32	468.036652
հ	1392	116.097450
ե	1381	148.130894
ն	1398	119.400024
վ	1406	83.628178
ա	1377	144.673824
ծ	1390	166.230202
՝	1373	93.111038
 	32	166.194201
խ	1389	117.252111
մ	1396	104.756355
ո	1400	151.223183
ւ	1410	94.110250
մ	1396	109.778166
 	32	130.434990
է	1383	268.374681
ի	1387	67.556620
ն	1398	221.220255
ք	1412	84.335089
,	44	39.477110
 	32	169.695377
ե	1381	184.379339
ր	1408	146.838188
բ	1378	139.595270
 	32	89.100361
հ	1392	93.861818
ե	1381	129.090786
տ	1407	604.226828
և	1415	518.650770
ի	1387	150.258780
 	32	116.327286
ս	1405	45.248032
ե	1381	96.068621
ն	1398	88.272333
յ	1397	164.553165
ա	1377	60.060501
կ	1391	64.614534
ի	1387	137.740612
ց	1409	235.836267
 	32	71.392775
Ջ	1355	131.707430
ո	1400	154.356241
 	32	117.895365
Ֆ	1366	109.528780
ո	1400	124.284267
ք	1412	80.966711
ս	1405	179.929256
հ	1392	39.470911
ո	1400	124.107599
լ	1388	108.794451
ը	1384	151.936054
 	32	47.518253
հ	1392	182.763338
ա	1377	281.682968
յ	1397	147.563457
տ	1407	168.724060
ն	1398	100.379944
վ	1406	135.539293
ե	1381	166.707754
ց	1409	103.862762
 	32	76.908588
ո	1400	72.146177
ւ	1410	12758.642435
 	32	325.705290
թ	1385	314.812183
ե	1381	330.342770
՝	1373	356.431961
	13	275.175810
	13	98.427057
―	8213	100.493670
 	32	82.394600
Ի	1339	123.393536
ն	1398	381.348133
չ	1401	175.790310
 	32	220.566273
ո	1400	157.440424
ւ	1410	188.134193
ր	1408	173.421144
ա	1377	45.744896
խ	1389	255.719423
 	32	104.672194
ե	1381	117.275238
մ	1396	96.794605
,	44	118.100166
 	32	60.501575
ո	1400	276.119947
ր	1408	126.899004
 	32	176.551104
ե	1381	54.998636
ր	1408	163.904428
կ	1391	92.351437
ո	1400	93.793392
ւ	1410	189.481497
ս	1405	377.692223
դ	1380	88.392735
 	32	56.619406
է	1383	49.412251
լ	1388	264.311552
 	32	159.826040
է	1383	416.747332
ս	1405	298.172951
տ	1407	121.882677
ե	1381	63.606262
ղ	1394	172.106743
 	32	49.855232
ե	1381	99.970341
ք	1412	84.918022
,	44	101.377487
 	32	119.496107
մ	1396	97.764730
ե	1381	82.602024
կ	1391	97.906828
ը	1384	96.593380
 	32	133.102179
կ	1391	81.771135
ա	1377	399.199247
,	44	155.210972
 	32	225.205183
ո	1400	117.177486
ւ	1410	254.840136
զ	1382	117.216349
ո	1400	492.970228
ւ	1410	177.251339
մ	1396	93.170166
 	32	153.913498
ե	1381	88.990450
մ	1396	110.295057
 	32	132.084608
ձ	1393	119.527340
ե	1381	112.107754
զ	1382	624.460936
 	32	344.311237
հ	1392	161.705732
ե	1381	438.339472
տ	1407	250.472784
 	32	240.218878
ծ	1390	194.705486
ա	1377	125.039816
ն	1398	128.690720
ո	1400	90.024233
թ	1385	517.462492
ա	1377	73.140144
ց	1409	173.808813
ն	1398	82.895041
ե	1381	100.087404
լ	1388	108.172178
,	44	89.227676
 	32	107.270718
է	1383	163.650751
ս	1405	127.818108
 	32	319.227457
ի	1387	111.560106
ր	1408	76.963425
ի	1387	77.597857
կ	1391	196.390629
ո	1400	193.217278
ւ	1410	242.254019
ն	1398	202.041626
 	32	176.307678
Գ	1331	581.503153
ր	1408	175.101757
ի	1387	160.539865
ն	1398	203.802347
 	32	137.473822
զ	1382	77.899933
բ	1378	108.513594
ո	1400	60.940742
ս	1405	147.365093
ա	1377	91.196060
յ	1397	170.259953
գ	1379	66.459417
ո	1400	142.852306
ւ	1410	103.556156
մ	1396	172.294378
 	32	48.661470
ե	1381	158.379793
մ	1396	88.476181
 	32	55.130482
հ	1392	178.244352
ա	1377	297.439337
ն	1398	81.703901
դ	1380	111.131191
ի	1387	159.927607
պ	1402	100.675821
ե	1381	55.423021
լ	1388	138.863325
։	1417	195.300579
	13	135.124445
	13	310.495138
Դ	1332	304.766417
ե	1381	79.540730
,	44	100.780725
 	32	55.964470
ա	1377	398.115873
ր	1408	247.021198
դ	1380	263.052702
ե	1381	50.152302
ն	1398	232.413054
 	32	137.921572
մ	1396	105.687380
ի	1387	153.665304
 	32	99.371195
ք	1412	69.566965
ա	1377	199.990988
ն	1398	104.373217
ի	1387	129.947662
 	32	210.350990
բ	1378	82.592249
ա	1377	215.579510
ժ	1386	83.208084
ա	1377	139.243364
կ	1391	65.857172
 	32	172.726631
կ	1391	98.044872
ո	1400	209.686756
ն	1398	214.491129
ծ	1390	409.744263
ա	1377	206.534386
ծ	1390	71.624517
 	32	105.145693
է	1383	80.660820
ր	1408	54.782629
։	1417	163.679600
 	32	183.616161
Տ	1359	144.302845
ր	1408	120.531797
ա	1377	305.077791
մ	1396	138.622761
ա	1377	89.134216
դ	1380	94.079256
ր	1408	158.694029
ո	1400	66.180706
ւ	1410	61.747789
թ	1385	144.247293
յ	1397	244.635105
ո	1400	170.173407
ւ	1410	88.266373
ն	1398	140.243053
ը	1384	242.797136
 	32	216.495752
բ	1378	222.697735
ա	1377	157.268047
ր	1408	81.165552
ձ	1393	150.511980
ր	1408	294.631958
 	32	82.724571
է	1383	207.172394
ր	1408	223.237991
,	44	110.585690
 	32	213.491440
բ	1378	179.980755
ա	1377	184.403181
յ	1397	167.216301
ց	1409	136.621237
 	32	82.894564
կ	1391	161.782980
ա	1377	66.451788
ր	1408	280.882597
ծ	1390	300.328732
ե	1381	188.536406
ս	1405	214.605331
 	32	94.877005
ա	1377	316.733122
ռ	1404	226.719141
ա	1377	175.744534
ն	1398	208.268166
ձ	1393	81.973314
ն	1398	188.911438
ա	1377	97.083807
պ	1402	105.034590
ե	1381	94.117880
ս	1405	178.003311
 	32	49.302340
ո	1400	91.776371
գ	1379	75.810194
և	1415	48.519135
ո	1400	199.373722
ր	1408	76.696634
վ	1406	88.110685
ա	1377	167.956352
ծ	1390	439.389467
 	32	96.957684
չ	1401	90.370417
է	1383	171.264172
ր	1408	121.408463
,	44	132.561922
 	32	283.668518
թ	1385	251.666546
ե	1381	152.953863
 	32	242.065430
բ	1378	216.831207
ա	1377	130.213261
խ	1389	82.584381
տ	1407	61.158657
ը	1384	193.916798
 	32	129.293919
բ	1378	191.612482
ե	1381	100.402594
ր	1408	49.435616
ե	1381	334.428310
լ	1388	115.597248
 	32	60.277462
է	1383	142.983437
,	44	190.196276
 	32	60.690403
ո	1400	71.156502
ր	1408	102.750063
 	32	145.129919
է	1383	61.194181
դ	1380	263.731956
 	32	164.304972
հ	1392	140.580416
ո	1400	88.126898
գ	1379	188.307047
ա	1377	120.151758
վ	1406	95.719576
ո	1400	567.853451
ր	1408	167.093039
ի	1387	576.648474
ն	1398	168.932438
 	32	161.656618
գ	1379	144.983053
տ	1407	281.544209
ե	1381	172.089100
լ	1388	210.767031
 	32	233.249187
է	1383	145.734072
։	1417	108.306170
	13	95.470428
	13	145.105362
―	8213	98.389864
 	32	126.057148
Գ	1331	99.411249
ի	1387	90.412378
տ	1407	87.202787
ե	1381	65.872908
՞	1374	72.317600
ք	1412	158.853531
,	44	193.383455
―	8213	71.051359
 	32	142.775536
ա	1377	50.078630
ս	1405	125.163317
ա	1377	113.071442
ց	1409	181.374311
,	44	93.717098
―	8213	325.082064
 	32	145.181656
խ	1389	240.691185
ե	1381	56.105852
լ	1388	124.939680
ք	1412	40.578127
ս	1405	83.899736
 	32	128.192663
գ	1379	118.434906
ն	1398	215.816736
ո	1400	94.322681
ւ	1410	108.940840
մ	1396	239.038944
 	32	114.386559
է	1383	157.985449
 	32	127.394915
է	1383	120.305061
ն	1398	105.401516
 	32	120.155573
ա	1377	237.138748
ղ	1394	146.851063
ջ	1403	123.685360
ի	1387	107.904911
կ	1391	106.111050
ն	1398	110.153198
ե	1381	152.530909
ր	1408	87.831020
ի	1387	247.314215
 	32	200.236797
հ	1392	155.570269
ա	1377	112.970829
մ	1396	116.821289
ա	1377	88.083744
ր	1408	65.460920
,	44	183.497429
 	32	99.495411
ո	1400	179.257631
ր	1408	422.153234
 	32	211.207151
ա	1377	154.917240
ն	1398	88.738918
ը	1384	283.785820
ն	1398	55.524111
դ	1380	448.164225
հ	1392	316.527367
ա	1377	112.925053
տ	1407	213.432312
 	32	60.939312
գ	1379	412.226200
ր	1408	121.269226
գ	1379	169.084549
ռ	1404	83.792210
վ	1406	158.768892
ա	1377	166.148424
ծ	1390	491.420031
 	32	107.020378
ե	1381	130.380869
ն	1398	138.891935
 	32	340.654612
ո	1400	206.357956
ւ	1410	49.083948
 	32	203.309774
ա	1377	152.406454
մ	1396	76.390266
բ	1378	167.541742
ո	1400	208.819151
ղ	1394	110.755205
ջ	1403	145.783424
 	32	62.668085
մ	1396	245.890856
ա	1377	126.600027
ր	1408	562.587738
մ	1396	157.201052
ն	1398	104.298830
ո	1400	168.497086
վ	1406	163.012743
 	32	72.884321
դ	1380	101.680994
ո	1400	160.306215
ղ	1394	76.740980
ո	1400	114.998817
ւ	1410	105.094194
մ	1396	129.757643
 	32	383.201599
ե	1381	403.139353
ն	1398	190.059185
․	8228	4821.374893
 	32	188.429594
ա	1377	171.892166
զ	1382	137.623310
ն	1398	169.348240
ի	1387	95.705748
վ	1406	305.526257
 	32	105.220079
խ	1389	452.206612
ո	1400	115.497589
ս	1405	178.003550
ք	1412	275.502682
,	44	167.718887
 	32	109.822750
հ	1392	78.301668
ե	1381	127.021074
ն	1398	140.877008
ց	1409	285.401344
 	32	515.395641
է	1383	225.628853
դ	1380	580.562830
պ	1402	148.778200
ի	1387	243.421316
ս	1405	503.399849
ի	1387	176.338434
 	32	125.538111
մ	1396	683.365583
ե	1381	98.198414
կ	1391	76.106787
ի	1387	82.859039
ն	1398	179.675817
 	32	54.338217
է	1383	103.918552
լ	1388	100.737333
 	32	200.904131
գ	1379	190.283537
տ	1407	88.485003
ե	1381	226.465464
լ	1388	217.801809
 	32	423.153162
ե	1381	340.347290
մ	1396	73.110580
։	1417	128.159046
 	32	149.509907
Ա	1329	150.614977
յ	1397	93.313694
,	44	100.952387
 	32	153.850079
գ	1379	105.668545
ն	1398	149.051189
ա	1377	78.084230
ն	1398	92.644691
ք	1412	84.715605
,	44	108.625174
 	32	234.590769
ծ	1390	72.167158
ա	1377	121.094465
ն	1398	132.827044
ո	1400	60.687304
թ	1385	579.636097
ա	1377	121.354342
ց	1409	284.839869
ն	1398	206.125498
ե	1381	114.081621
մ	1396	89.894295
։	1417	92.204094
	13	67.430496
	13	78.022957
Մ	1348	197.677374
ե	1381	120.431423
ն	1398	112.205505
ք	1412	249.821186
 	32	210.468292
Ջ	1355	122.736454
ո	1400	229.524374
յ	1397	661.177397
ի	1387	239.875078
 	32	252.192259
հ	1392	173.553467
ե	1381	88.040352
տ	1407	84.177732
և	1415	120.123386
ի	1387	88.198185
ց	1409	39.759874
 	32	147.452116
մ	1396	111.462831
տ	1407	95.307827
ա	1377	128.834486
ն	1398	223.253012
ք	1412	258.607626
 	32	112.782717
ն	1398	131.855965
ե	1381	125.971079
ր	1408	115.567923
ս	1405	223.185539
ի	1387	428.992271
 	32	180.742025
ս	1405	193.467140
ե	1381	105.871677
ն	1398	121.096134
յ	1397	246.913195
ա	1377	243.694782
կ	1391	189.283848
,	44	82.989693
 	32	181.867838
ո	1400	44.009209
ր	1408	131.874323
տ	1407	77.500820
ե	1381	252.812147
ղ	1394	233.581543
 	32	166.954517
ը	1384	229.243517
ս	1405	137.085199
տ	1407	82.330704
 	32	121.884346
ե	1381	93.963385
ր	1408	170.651436
և	1415	85.723400
ո	1400	181.839943
ւ	1410	220.523119
յ	1397	130.733013
թ	1385	84.325790
ի	1387	299.231052
ն	1398	84.182978
,	44	107.930422
 	32	77.021360
ա	1377	105.033398
ր	1408	210.894108
տ	1407	251.259565
ո	1400	162.002325
ն	1398	179.826498
յ	1397	154.677868
ա	1377	91.013432
լ	1388	75.460196
ն	1398	173.197508
ե	1381	98.397493
ր	1408	103.600025
ը	1384	361.912727
 	32	162.013769
մ	1396	66.158295
ո	1400	107.562065
ւ	1410	120.887041
տ	1407	67.326307
ք	1412	294.251204
 	32	208.979368
ո	1400	66.598415
ւ	1410	155.380964
ն	1398	71.134090
ե	1381	109.523058
ի	1387	118.623734
ն	1398	256.249189
,	44	160.317659
 	32	99.465370
կ	1391	132.171154
ա	1377	437.565327
ր	1408	60.882092
ե	1381	186.269522
լ	1388	88.493109
ի	1387	71.913481
 	32	112.144947
է	1383	116.065502
ր	1408	474.298954
 	32	103.977442
կ	1391	396.919966
ա	1377	133.251905
ր	1408	137.857676
ծ	1390	173.134565
ե	1381	221.511841
լ	1388	190.342903
,	44	199.677706
 	32	135.557175
մ	1396	77.116489
ե	1381	146.626949
ն	1398	282.469749
ա	1377	302.855253
կ	1391	146.599054
 	32	637.333393
լ	1388	307.416916
ե	1381	90.697050
հ	1392	105.029821
ե	1381	92.415571
ր	1408	473.795176
ը	1384	172.123432
,	44	151.432276
 	32	93.555212
ք	1412	166.306257
ա	1377	757.676363
ն	1398	103.706360
ի	1387	139.818430
 	32	142.423391
ո	1400	232.981443
ր	1408	170.108318
 	32	59.864044
ա	1377	442.464113
կ	1391	134.958506
ո	1400	55.040359
ւ	1410	128.495932
մ	1396	92.686415
բ	1378	95.521450
ի	1387	131.644487
 	32	68.264723
ա	1377	105.498314
ն	1398	96.478462
ո	1400	372.780561
ւ	1410	105.080843
ն	1398	632.952213
ը	1384	154.036283
 	32	77.301264
Լ	1340	118.610620
ե	1381	137.105465
հ	1392	66.931009
ա	1377	209.749937
կ	1391	71.348667
ա	1377	105.604410
ն	1398	96.014261
 	32	110.031605
է	1383	55.166960
ր	1408	237.741709
,	44	70.828199
 	32	173.631907
բ	1378	95.136404
ա	1377	154.533386
յ	1397	99.788189
ց	1409	147.706032
 	32	119.172335
չ	1401	147.513628
է	1383	93.471050
․	8228	118.082047
 	32	148.670435
ս	1405	126.195669
ա	1377	129.528046
 	32	127.166033
բ	1378	257.931948
ա	1377	81.625938
ց	1409	702.296019
ա	1377	61.365128
ռ	1404	159.999609
ա	1377	320.542336
պ	1402	142.034531
ե	1381	205.456495
ս	1405	115.876675
 	32	264.882803
ա	1377	219.127893
մ	1396	78.084946
ե	1381	101.371765
ր	1408	146.444082
ի	1387	84.588051
կ	1391	186.852694
ա	1377	78.216553
ց	1409	130.038500
ի	1387	82.871199
ն	1398	186.649323
ե	1381	108.707666
ր	1408	136.294127
ի	1387	83.572865
 	32	177.279234
հ	1392	98.726273
ա	1377	114.850521
մ	1396	132.703066
ա	1377	209.527969
ր	1408	86.330175
 	32	135.939837
է	1383	98.019123
ր	1408	82.540751
,	44	107.477188
 	32	133.530617
է	1383	28.047323
ն	1398	127.916098
 	32	110.103846
է	1383	147.875547
լ	1388	71.726799
 	32	162.274837
ո	1400	93.921185
չ	1401	88.072300
 	32	243.396759
բ	1378	158.881903
ո	1400	282.871723
լ	1388	332.177877
ո	1400	93.514204
ր	1408	1271.956205
ի	1387	70.899963
։	1417	99.710941
 	32	106.192112
Ա	1329	67.795753
մ	1396	97.088814
ե	1381	449.931622
ր	1408	98.575354
ի	1387	144.832373
կ	1391	92.745066
ա	1377	112.797022
ց	1409	177.479267
ի	1387	217.712879
ք	1412	59.799671
 	32	296.637297
ս	1405	199.438334
կ	1391	49.403667
ս	1405	78.459978
ե	1381	120.923519
լ	1388	147.742987
 	32	86.488724
է	1383	57.614326
ի	1387	127.017498
ն	1398	109.607458
 	32	103.668451
է	1383	77.841043
ն	1398	145.492792
տ	1407	94.444036
ե	1381	94.460964
ղ	1394	84.705353
 	32	106.552839
գ	1379	91.829300
ա	1377	92.789650
լ	1388	67.296743
 	32	160.848856
թ	1385	194.860220
ե	1381	66.060543
 	32	233.700514
չ	1401	211.863041
է	1383	155.757666
,	44	98.306179
 	32	236.668587
լ	1388	104.701757
ե	1381	202.378273
հ	1392	71.475267
ե	1381	145.818949
ր	1408	152.389765
ն	1398	255.146980
 	32	725.438118
ա	1377	243.473530
կ	1391	99.320650
ո	1400	99.038839
ւ	1410	61.064959
մ	1396	72.906494
բ	1378	103.795767
ի	1387	89.042902
ց	1409	188.554049
 	32	139.014006
ո	1400	305.177927
տ	1407	219.192028
ք	1412	77.195644
ն	1398	82.686663
ե	1381	156.697989
ր	1408	176.817894
ը	1384	360.851765
 	32	213.437319
կ	1391	78.418016
տ	1407	294.544697
ր	1408	82.298279
ե	1381	185.829639
լ	1388	92.190504
 	32	170.752287
է	1383	105.971098
ի	1387	117.162943
ն	1398	127.961874
։	1417	90.028048
 	32	118.000031
Ո	1352	150.831223
ւ	1410	183.027506
ր	1408	83.304882
ե	1381	170.477629
մ	1396	90.759993
ն	1398	157.941103
՝	1373	93.868732
 	32	94.835043
է	1383	135.740519
ս	1405	121.981859
 	32	177.302837
ս	1405	71.609735
ե	1381	115.682364
ն	1398	74.549198
յ	1397	137.348652
ա	1377	60.169458
կ	1391	159.951687
ո	1400	225.812435
ւ	1410	221.239090
մ	1396	64.603806
,	44	164.611340
 	32	122.087717
ա	1377	87.703943
ն	1398	158.881903
կ	1391	98.957777
յ	1397	73.887587
ո	1400	229.208231
ւ	1410	113.622427
ն	1398	86.346626
ի	1387	139.386177
 	32	155.459404
ս	1405	98.252058
ե	1381	112.215996
ղ	1394	78.326941
ա	1377	156.469345
ն	1398	262.571812
ի	1387	178.398132
 	32	132.462025
մ	1396	154.792547
ո	1400	140.987873
տ	1407	107.338905
,	44	144.367933
 	32	178.038836
մ	1396	78.147888
ի	1387	201.256990
 	32	95.014811
ա	1377	152.725220
ն	1398	110.999346
ե	1381	229.692459
ր	1408	130.921364
և	1415	64.285755
ա	1377	162.433147
կ	1391	88.781834
ա	1377	88.541031
յ	1397	90.403557
ե	1381	99.480629
լ	1388	155.466080
ի	1387	162.624836
,	44	209.031820
 	32	553.963184
խ	1389	286.953211
ե	1381	120.736122
լ	1388	81.965685
ք	1412	147.941351
ի	1387	190.311670
ց	1409	80.766678
 	32	263.558626
մ	1396	185.347557
տ	1407	1117.299795
ք	1412	50.095081
ի	1387	71.418762
ց	1409	149.214745
 	32	134.082794
դ	1380	207.634449
ո	1400	98.191738
ւ	1410	122.491360
ր	1408	104.640961
ս	1405	151.412249
 	32	60.142279
ա	1377	430.195093
ղ	1394	138.011932
ջ	1403	121.122599
ի	1387	251.663208
կ	1391	294.732332
 	32	238.167286
է	1383	66.094160
ր	1408	788.697958
 	32	172.598839
ն	1398	129.631281
ս	1405	87.869167
տ	1407	170.601130
ա	1377	172.544003
ծ	1390	105.994940
՝	1373	122.727394
 	32	72.597504
տ	1407	369.393349
ե	1381	72.032928
ղ	1394	463.203192
ո	1400	498.193502
վ	1406	121.722221
 	32	116.761684
մ	1396	169.161558
ա	1377	49.773216
ք	1412	200.812817
ո	1400	264.227629
ւ	1410	103.935719
ր	1408	101.709604
 	32	109.354734
ս	1405	119.128466
ե	1381	71.617603
ք	1412	114.755869
ս	1405	153.917789
։	1417	222.185612
 	32	162.178516
Ո	1352	170.772314
տ	1407	123.657227
ի	1387	149.627209
ց	1409	96.169472
 	32	151.139021
գ	1379	167.064190
լ	1388	125.188589
ո	1400	141.149521
ւ	1410	3816.451788
խ	1389	408.175707
 	32	181.141615
դ	1380	276.387453
ո	1400	169.994354
ղ	1394	143.927097
դ	1380	177.479029
ո	1400	127.259970
ղ	1394	112.277746
ո	1400	99.873781
ւ	1410	92.597723
մ	1396	187.196493
 	32	186.615944
է	1383	67.017317
ր	1408	83.095312
,	44	444.784880
 	32	210.595369
ճ	1395	174.163103
ի	1387	98.783016
շ	1399	71.982861
տ	1407	173.267365
 	32	65.795898
Ջ	1355	73.642731
ո	1400	120.501518
յ	1397	150.794983
ի	1387	182.899952
 	32	184.664249
ա	1377	54.862261
ս	1405	77.650785
ա	1377	611.032963
ծ	1390	177.382469
ի	1387	111.714363
 	32	123.165607
պ	1402	297.262192
ե	1381	94.177723
ս	1405	193.813324
։	1417	149.261475
 	32	634.662151
Ա	1329	98.627806
մ	1396	116.465807
բ	1378	415.349960
ո	1400	115.745544
ղ	1394	152.679443
ջ	1403	287.554741
 	32	671.664238
դ	1380	97.071886
ե	1381	129.412651
մ	1396	139.056683
ք	1412	411.692142
ը	1384	127.173424
 	32	183.452845
կ	1391	113.219976
ա	1377	113.621473
ր	1408	118.621588
ծ	1390	104.596853
ե	1381	60.540915
ս	1405	88.675022
 	32	302.782774
մ	1396	187.142134
ի	1387	82.176447
 	32	182.248831
գ	1379	92.578173
ո	1400	121.038914
ւ	1410	124.063253
յ	1397	133.697033
ն	1398	142.129898
զ	1382	71.783543
գ	1379	484.024048
ո	1400	149.121761
ւ	1410	205.515146
յ	1397	146.424770
ն	1398	117.170811
,	44	110.468149
 	32	918.685675
լ	1388	163.210869
ղ	1394	65.422297
ո	1400	158.832073
զ	1382	125.150442
վ	1406	103.726625
ա	1377	284.343719
ծ	1390	202.171564
 	32	286.041975
բ	1378	83.976984
ի	1387	147.760153
ծ	1390	75.077057
 	32	130.424500
լ	1388	114.409685
ի	1387	22.235394
ն	1398	204.755783
ե	1381	80.855846
ր	1408	125.415325
։	1417	85.688591
 	32	107.012749
Ջ	1355	190.241814
ո	1400	110.280752
ն	1398	353.649378
 	32	54.830313
ն	1398	240.106583
ա	1377	247.918606
խ	1389	192.695856
օ	1413	100.188971
ր	1408	146.599054
ո	1400	45.580864
ք	1412	198.827744
 	32	169.809341
մ	1396	84.874392
ե	1381	177.722931
զ	1382	65.089941
 	32	227.282286
զ	1382	184.252977
գ	1379	187.230825
ո	1400	215.943813
ւ	1410	278.451920
շ	1399	188.390970
ա	1377	412.264109
ց	1409	270.370960
ր	1408	186.587334
ե	1381	378.774166
լ	1388	98.848581
 	32	229.809523
է	1383	100.198030
ր	1408	150.411606
,	44	43.338060
 	32	241.872787
դ	1380	62.148094
ր	1408	256.727934
ա	1377	159.363747
 	32	230.646133
հ	1392	226.066589
ա	1377	185.163498
մ	1396	211.045742
ա	1377	212.297678
ր	1408	84.207773
 	32	186.715841
է	1383	44.353247
լ	1388	124.524117
 	32	125.097036
ե	1381	221.387863
ս	1405	98.279953
 	32	207.147598
ո	1400	207.116127
ւ	1410	228.939772
 	32	93.703985
գ	1379	111.229420
ր	1408	425.657272
ո	1400	3204.976082
ղ	1394	1319.657087
ը	1384	109.959364
 	32	67.095757
ա	1377	5872.716904
ղ	1394	99.360943
ջ	1403	173.859119
կ	1391	163.739443
ա	1377	305.587530
 	32	88.488817
տ	1407	290.016174
ե	1381	47.815084
ս	1405	197.205067
ք	1412	378.281116
ի	1387	274.544477
ց	1409	2047.164440
 	32	121.273756
շ	1399	155.067444
ա	1377	145.002127
տ	1407	239.632845
 	32	254.641533
չ	1401	174.491405
զ	1382	235.234499
ա	1377	161.053658
ր	1408	123.166800
մ	1396	111.537457
ա	1377	131.314993
ց	1409	70.042372
ա	1377	175.850153
ն	1398	70.444822
ք	1412	110.448599
,	44	244.991779
 	32	72.657108
բ	1378	190.860033
ա	1377	94.890118
յ	1397	269.078016
ց	1409	98.008871
 	32	123.480082
ե	1381	211.250305
ր	1408	111.513853
բ	1378	100.103140
ե	1381	163.776875
ք	1412	135.987520
 	32	161.178827
չ	1401	215.786934
ե	1381	109.486103
մ	1396	128.135920
 	32	147.608757
մ	1396	1846.456289
ո	1400	427.850246
ռ	1404	36.449909
ա	1377	1434.971809
ն	1398	457.023859
ա	1377	198.550224
,	44	206.157207
 	32	206.568241
թ	1385	204.585075
ե	1381	197.857857
 	32	81.859827
ն	1398	217.933416
ա	1377	196.862698
 	32	284.803867
ի	1387	371.119738
ն	1398	71.743488
չ	1401	131.377459
 	32	314.603329
փ	1411	99.770784
ա	1377	252.284527
փ	1411	60.451269
լ	1388	192.720890
ի	1387	96.751213
կ	1391	125.358105
 	32	273.474216
է	1383	170.614243
ր	1408	647.300482
,	44	666.008234
 	32	135.998487
տ	1407	85.337639
ա	1377	173.749447
ք	1412	107.968807
ո	1400	333.529949
ւ	1410	318.968773
կ	1391	206.842899
,	44	140.013933
 	32	191.036463
հ	1392	86.717844
յ	1397	133.978844
ո	1400	106.996775
ւ	1410	125.617981
թ	1385	100.061893
ա	1377	244.483232
լ	1388	141.597748
ի	1387	114.049673
 	32	98.885536
ո	1400	233.415604
ւ	1410	416.465521
 	32	100.728989
թ	1385	130.715609
ր	1408	262.311459
թ	1385	89.159727
ռ	1404	142.287016
ա	1377	147.389174
ն	1398	83.239794
։	1417	146.944284
 	32	39.976358
Խ	1341	159.623146
ո	1400	133.882046
ս	1405	205.796242
ե	1381	73.739052
լ	1388	438.112974
ը	1384	168.331623
՝	1373	123.831987
 	32	90.575457
հ	1392	216.367006
ա	1377	73.055983
,	44	117.288351
 	32	82.909107
ո	1400	115.802526
ն	1398	64.200401
ց	1409	172.769070
 	32	197.891951
ո	1400	110.458612
ր	1408	96.741915
 	32	160.070181
պ	1402	99.245071
ե	1381	226.341486
տ	1407	28.655291
ք	1412	67.286968
ն	1398	239.982128
 	32	135.048866
է	1383	65.473557
,	44	212.122202
 	32	65.940857
խ	1389	74.520826
ո	1400	179.022551
ս	1405	185.438871
ո	1400	290.899754
ւ	1410	133.902550
մ	1396	109.681845
 	32	129.844904
է	1383	251.786709
ր	1408	67.322731
,	44	608.946323
 	32	178.756237
չ	1401	118.672371
ն	1398	84.647655
ա	1377	116.585016
յ	1397	236.485481
ա	1377	82.072020
ծ	1390	87.594509
 	32	133.556366
դ	1380	160.534382
ր	1408	284.009457
ա	1377	164.881229
 	32	110.779047
կ	1391	207.993507
ա	1377	72.236061
ր	1408	191.204071
ի	1387	65.495491
ք	1412	167.349339
ը	1384	103.606939
 	32	150.244474
չ	1401	99.956512
է	1383	159.363747
ր	1408	55.590391
 	32	57.113647
է	1383	112.564325
լ	1388	94.117403
 	32	144.312143
զ	1382	149.940491
գ	1379	81.740379
ա	1377	158.297300
ց	1409	193.490982
վ	1406	136.846781
ո	1400	110.253572
ւ	1410	117.626190
մ	1396	92.805862
,	44	56.073666
 	32	180.270910
ն	1398	59.904337
ր	1408	65.660238
ա	1377	131.430149
 	32	110.292435
հ	1392	97.073078
ա	1377	137.122631
մ	1396	71.614027
ա	1377	171.767473
ր	1408	175.805569
,	44	70.450306
 	32	104.634285
ճ	1395	105.479717
ի	1387	114.507198
շ	1399	161.645412
տ	1407	144.722223
ն	1398	170.034409
 	32	81.618309
ա	1377	211.434841
ս	1405	203.876734
ա	1377	187.536955
ծ	1390	540.712357
,	44	124.533415
 	32	190.334320
խ	1389	195.908070
ո	1400	137.933493
ս	1405	110.449076
ք	1412	94.718695
ե	1381	236.733198
ր	1408	222.300053
ն	1398	60.244560
 	32	109.565258
ա	1377	62.563419
վ	1406	181.332350
ե	1381	174.747467
լ	1388	72.316885
ո	1400	264.284134
ր	1408	121.648788
դ	1380	343.506813
 	32	205.575705
է	1383	60.841322
ի	1387	523.889303
ն	1398	208.282232
։	1417	75.277805
 	32	77.259779
Ջ	1355	295.585632
ա	1377	219.995260
յ	1397	130.910873
ն	1398	56.661844
ն	1398	1097.093821
 	32	109.671831
է	1383	71.409225
լ	1388	104.840517
 	32	158.356667
է	1383	448.066235
ր	1408	308.576822
 	32	450.780392
ա	1377	274.468184
ն	1398	261.877775
ը	1384	77.292204
ն	1398	159.183979
դ	1380	271.161556
հ	1392	188.997030
ա	1377	382.227898
տ	1407	217.998981
 	32	200.502872
դ	1380	205.722094
ո	1400	112.385273
ղ	1394	175.392151
ո	1400	159.912825
ւ	1410	146.661758
մ	1396	222.494125
։	1417	90.763092
 	32	185.878515
Ջ	1355	77.233315
ղ	1394	133.696318
ա	1377	77.063799
յ	1397	133.845568
ն	1398	77.664614
ո	1400	134.603262
ւ	1410	101.073980
թ	1385	60.370922
յ	1397	208.754301
ո	1400	71.566820
ւ	1410	53.857327
ն	1398	154.301643
ս	1405	183.309078
 	32	71.060181
ե	1381	105.128527
կ	1391	170.767307
ա	1377	71.032286
վ	1406	323.978186
 	32	95.135689
Ջ	1355	178.584576
ո	1400	211.433649
յ	1397	66.559553
ի	1387	192.057371
 	32	55.334091
վ	1406	106.169939
ր	1408	133.569002
ա	1377	277.949572
,	44	66.611290
 	32	633.303881
թ	1385	205.015898
ե	1381	107.763052
 	32	86.684942
ի	1387	134.776831
ն	1398	251.011133
չ	1401	98.397970
ո	1400	208.284140
ւ	1410	101.763487
 	32	131.226301
է	1383	99.513531
 	32	225.547791
խ	1389	84.032059
ե	1381	95.693111
ղ	1394	146.150589
ճ	1395	97.187996
ի	1387	180.160284
ն	1398	49.312353
 	32	171.052933
է	1383	127.895117
դ	1380	94.947338
ք	1412	76.409101
ա	1377	200.913429
ն	1398	141.365051
 	32	144.395351
ս	1405	214.663506
պ	1402	232.308865
ա	1377	56.990623
ս	1405	176.899195
ե	1381	205.260038
լ	1388	122.459650
 	32	98.282337
տ	1407	178.071737
ա	1377	203.603745
լ	1388	61.687708
ի	1387	191.558361
ս	1405	182.629585
,	44	84.607601
 	32	146.566629
բ	1378	15322.801828
ա	1377	93.195677
յ	1397	93.752384
ց	1409	104.501486
 	32	109.096050
ե	1381	327.379942
ս	1405	93.827486
 	32	184.227467
դ	1380	168.510437
ե	1381	208.316565
ռ	1404	103.785992
 	32	145.025492
չ	1401	65.669298
գ	1379	54.642916
ի	1387	76.766968
տ	1407	135.996580
ե	1381	96.023798
ի	1387	239.390373
,	44	51.024437
 	32	190.690756
հ	1392	76.878786
ե	1381	177.646399
տ	1407	202.421665
ո	1400	117.875338
 	32	110.758066
ի	1387	174.057245
մ	1396	43.836832
ա	1377	99.853516
ց	1409	72.235584
ա	1377	160.183907
 	32	93.728781
(	40	106.670856
ե	1381	104.218006
ր	1408	94.131231
բ	1378	96.223116
 	32	167.626858
Ջ	1355	99.717617
ո	1400	131.683350
ն	1398	238.541126
 	32	159.749746
ի	1387	395.748615
ն	1398	183.055162
ք	1412	129.319429
ն	1398	215.895891
 	32	177.147388
ա	1377	65.602779
ս	1405	125.861168
ա	1377	97.399235
ց	1409	89.695454
)	41	129.203320
,	44	139.369488
 	32	48.557281
ո	1400	168.031693
ր	1408	118.697405
 	32	264.535189
ն	1398	202.776670
ա	1377	103.055954
 	32	117.270708
մ	1396	122.888088
ի	1387	57.198763
շ	1399	98.170757
տ	1407	512.291193
 	32	172.478914
է	1383	214.848042
դ	1380	182.869196
պ	1402	77.306509
ե	1381	158.631325
ս	1405	228.335619
 	32	181.030750
է	1383	586.613655
,	44	419.170380
 	32	745.819807
գ	1379	106.269836
ի	1387	195.120573
շ	1399	107.532024
ե	1381	152.034998
ր	1408	206.937790
 	32	21.438837
թ	1385	1099.464417
ե	1381	62.605143
 	32	307.343245
ց	1409	88.056087
ե	1381	157.491207
ր	1408	138.292551
ե	1381	72.118521
կ	1391	178.522825
,	44	121.847153
 	32	103.659153
ո	1400	71.650267
ւ	1410	98.232508
զ	1382	419.899225
ա	1377	137.666225
ծ	1390	153.239727
դ	1380	109.759331
 	32	50.887585
ժ	1386	152.645588
ա	1377	102.687120
մ	1396	114.168882
ի	1387	177.964687
ն	1398	66.261053
,	44	578.776121
 	32	175.244570
մ	1396	85.660458
ե	1381	93.146563
կ	1391	124.048233
 	32	154.594898
է	1383	93.082905
՝	1373	129.945040
 	32	70.245743
ո	1400	106.690884
ր	1408	146.512508
տ	1407	216.391802
ե	1381	76.464415
ղ	1394	185.855627
 	32	231.970310
է	1383	526.094913
,	44	182.746649
 	32	71.815729
ո	1400	366.035223
վ	1406	249.309301
 	32	209.890842
կ	1391	173.051596
ա	1377	108.608961
 	32	80.051422
կ	1391	95.685005
ո	1400	420.574188
ղ	1394	108.416557
ք	1412	83.281755
ի	1387	165.796280
ն	1398	93.182087
,	44	89.021921
 	32	147.635460
ա	1377	87.743521
ն	1398	111.867666
հ	1392	50.609827
ա	1377	106.104851
ր	1408	141.144753
մ	1396	48.779488
ա	1377	132.083893
ր	1408	48.762560
 	32	92.716694
է	1383	60.695887
,	44	151.750088
 	32	309.781790
թ	1385	166.283131
ե	1381	122.929573
 	32	132.106304
չ	1401	191.433191
է	1383	48.714638
։	1417	116.840839
 	32	178.650856
Ո	1352	94.799995
ւ	1410	110.057354
ղ	1394	80.686808
ղ	1394	55.705786
ա	1377	124.409437
կ	1391	218.512535
ի	1387	59.242725
 	32	190.569878
բ	1378	22.020817
ն	1398	82.572460
ա	1377	90.152979
կ	1391	111.489773
ա	1377	142.840624
ն	1398	171.393633
ի	1387	94.583988
ց	1409	202.333689
 	32	67.919016
է	1383	558.978081
դ	1380	2948.708296
պ	1402	182.417870
ե	1381	2957.236290
ս	1405	351.395607
 	32	1155.889511
դ	1380	83.584070
ո	1400	96.604586
ղ	1394	72.030783
 	32	560.667753
ը	1384	198.554516
ն	1398	141.369104
կ	1391	126.757145
ա	1377	365.754604
ծ	1390	153.297901
 	32	132.719755
է	1383	117.216587
ր	1408	548.210859
,	44	595.920563
 	32	914.597273
ն	1398	194.115877
ա	1377	99.272728
 	32	773.943663
է	1383	161.036968
լ	1388	129.968643
 	32	128.577709
է	1383	102.594852
դ	1380	150.746107
 	32	138.624191
տ	1407	135.781288
ե	1381	137.082577
ս	1405	132.427216
ա	1377	125.125408
կ	1391	1713.291407
 	32	1126.163244
կ	1391	117.085218
ի	1387	149.897814
ն	1398	136.661768
 	32	545.804024
է	1383	173.250675
ր	1408	164.807081
։	1417	65.593243
	13	1099.433184
	13	175.718307
Վ	1358	123.963118
ի	1387	80.913544
կ	1391	66.614389
տ	1407	354.476929
ո	1400	73.952913
ր	1408	221.676588
 	32	189.476013
Տ	1359	1301.263571
ո	1400	639.839888
ս	1405	1959.646940
կ	1391	229.687929
ա	1377	88.191986
ն	1398	179.018259
 	32	98.946810
ն	1398	15.851259
ս	1405	293.468714
տ	1407	123.667240
ե	1381	126.181841
լ	1388	239.715338
 	32	77.406645
է	1383	253.706455
ր	1408	96.262932
 	32	111.055613
ն	1398	148.172855
ր	1408	222.056866
ա	1377	112.888575
 	32	102.234125
մ	1396	160.854816
ո	1400	125.442028
տ	1407	122.675657
,	44	175.118923
 	32	56.297064
բ	1378	147.985697
ա	1377	65.926790
յ	1397	229.435921
ց	1409	106.571674
 	32	148.769617
գ	1379	67.227840
ր	1408	161.433220
ո	1400	174.380541
ղ	1394	107.386827
ը	1384	334.099054
 	32	198.465347
տ	1407	140.653372
ա	1377	73.357344
ն	1398	164.342880
ի	1387	213.127375
,	44	82.461834
 	32	86.570501
չ	1401	152.308464
ո	1400	123.939037
ւ	1410	185.211420
տ	1407	103.996515
ե	1381	151.225805
ի	1387	99.922657
ր	1408	305.491924
֊	1418	153.897047
չ	1401	112.011671
խ	1389	110.558510
մ	1396	158.515930
ե	1381	195.757389
ի	1387	68.456411
ր	1408	179.796934
,	44	98.705530
 	32	110.727787
Վ	1358	76.394081
ի	1387	234.770536
կ	1391	214.040518
տ	1407	98.865986
ո	1400	211.849213
ր	1408	124.942303
ի	1387	74.381113
 	32	60.581923
շ	1399	217.710495
ա	1377	82.190037
ր	1408	194.980860
ժ	1386	162.096739
ո	1400	67.322493
ւ	1410	121.459484
ձ	1393	216.233969
և	1415	104.098320
ի	1387	122.834921
ն	1398	103.001118
 	32	390.842199
ն	1398	131.995678
ա	1377	134.817362
յ	1397	217.815399
ե	1381	216.622829
ի	1387	116.133928
ր	1408	157.463551
․	8228	227.917433
 	32	49.631596
կ	1391	140.468597
յ	1397	133.015871
ա	1377	360.234976
ն	1398	134.365559
ք	1412	87.307453
ո	1400	218.122721
ւ	1410	73.277473
մ	1396	127.878666
 	32	81.225395
չ	1401	518.303156
է	1383	187.901735
ի	1387	49.820185
ր	1408	276.370764
 	32	142.435312
ա	1377	237.807989
ս	1405	247.529268
ի	1387	130.563021
,	44	65.861940
 	32	118.904829
թ	1385	60.874939
ե	1381	192.544937
 	32	233.361483
ն	1398	76.692104
ո	1400	149.738312
ւ	1410	112.311125
յ	1397	484.177589
ն	1398	269.144535
ի	1387	299.847126
ս	1405	87.159872
կ	1391	194.851875
 	32	154.158115
մ	1396	171.556950
տ	1407	119.276285
ք	1412	429.581165
ո	1400	131.753445
վ	1406	131.927252
 	32	129.403591
ա	1377	133.905649
ն	1398	224.589586
ց	1409	92.190504
ն	1398	239.313841
ո	1400	175.890684
ւ	1410	94.725132
մ	1396	130.871296
 	32	89.368343
է	1383	979.102135
,	44	138.701677
 	32	102.596760
ո	1400	106.001139
ր	1408	105.554581
 	32	129.863262
կ	1391	106.624603
ո	1400	105.078459
ղ	1394	93.174458
ք	1412	196.967840
ի	1387	216.486454
ն	1398	99.242687
ը	1384	112.312555
 	32	171.178102
դ	1380	89.142561
ո	1400	169.226885
ղ	1394	149.245501
ո	1400	206.139803
ւ	1410	94.479561
մ	1396	154.492855
֊	1418	177.477360
թ	1385	165.317297
ր	1408	86.218596
թ	1385	216.988564
ռ	1404	114.851713
ո	1400	146.889687
ւ	1410	110.005140
մ	1396	231.319427
 	32	60.266256
է	1383	171.466351
։	1417	89.191914
 	32	141.496897
Ա	1329	136.568069
ղ	1394	94.060659
ջ	1403	79.370260
կ	1391	116.650343
ա	1377	197.293282
 	32	128.331900
հ	1392	190.700054
ե	1381	83.060265
տ	1407	188.711643
 	32	84.554434
է	1383	175.401449
ն	1398	82.988262
ե	1381	499.890327
ս	1405	137.487650
 	32	173.529863
է	1383	94.320059
ր	1408	100.053072
 	32	156.608343
զ	1382	644.110441
ր	1408	289.258480
ո	1400	152.985096
ւ	1410	518.928766
ց	1409	158.412457
ո	1400	165.524244
ւ	1410	82.784414
մ	1396	78.071356
,	44	127.186537
 	32	54.891586
ո	1400	694.196224
ն	1398	230.330706
ց	1409	145.186424
 	32	162.667751
ո	1400	114.839554
ր	1408	179.983616
 	32	49.187422
ջ	1403	236.748695
ե	1381	354.467869
ն	1398	236.961365
թ	1385	32.757759
լ	1388	266.350746
մ	1396	88.940382
ե	1381	104.464769
ն	1398	151.415348
ն	1398	61.214924
 	32	235.661745
է	1383	163.375139
 	32	76.740503
ն	1398	114.235878
ր	1408	369.176388
բ	1378	117.327213
ա	1377	79.154015
գ	1379	115.458012
ե	1381	67.521095
ղ	1394	120.952845
 	32	44.352770
ո	1400	50.333977
ւ	1410	116.306543
 	32	50.064802
հ	1392	217.875242
ա	1377	99.161148
ն	1398	70.843935
գ	1379	188.923597
ի	1387	71.715593
ս	1405	50.417423
տ	1407	202.290297
 	32	77.219009
օ	1413	76.805830
ր	1408	72.949171
ի	1387	222.203970
ո	1400	66.071987
ր	1408	259.625912
դ	1380	117.524385
ի	1387	135.243177
 	32	195.684195
հ	1392	100.962162
ե	1381	927.587032
տ	1407	177.669048
 	32	530.701160
խ	1389	293.389082
ո	1400	552.693844
ս	1405	252.151012
ո	1400	97.577095
ւ	1410	183.381796
մ	1396	163.412809
,	44	110.193253
 	32	452.309608
մ	1396	227.530003
ի	1387	330.726385
 	32	295.568228
օ	1413	165.888786
ր	1408	167.775869
ի	1387	255.308867
ո	1400	173.520088
ր	1408	88.375807
դ	1380	66.245079
ի	1387	187.504053
,	44	215.955973
 	32	120.863914
ո	1400	333.853960
ր	1408	101.498127
ի	1387	133.880854
 	32	343.108654
խ	1389	162.569284
ո	1400	83.904266
ս	1405	248.531818
ք	1412	124.826670
 	32	391.178608
ո	1400	208.474398
ւ	1410	55.745840
 	32	162.236929
զ	1382	70.715666
ր	1408	93.939304
ո	1400	103.619576
ւ	1410	196.810484
յ	1397	139.187574
ց	1409	589.742899
ը	1384	196.890354
 	32	125.918865
հ	1392	179.801226
ա	1377	87.561131
ճ	1395	105.608702
ո	1400	97.365856
ւ	1410	188.282013
յ	1397	48.159838
ք	1412	177.626610
 	32	44.746399
է	1383	166.325808
 	32	124.585390
պ	1402	99.428892
ա	1377	162.564278
ր	1408	88.916063
գ	1379	196.414709
և	1415	94.619036
ո	1400	148.015738
ւ	1410	216.701984
մ	1396	83.730221
,	44	88.983059
 	32	173.189640
և	1415	64.771175
 	32	141.350508
ն	1398	83.751202
ր	1408	95.033169
ա	1377	150.061846
 	32	439.939976
ն	1398	247.039318
ե	1381	293.451309
ր	1408	149.707794
կ	1391	79.870701
ա	1377	773.782492
յ	1397	122.529984
ո	1400	188.266039
ւ	1410	180.419683
թ	1385	136.084318
յ	1397	140.046597
ա	1377	60.534000
մ	1396	170.203686
բ	1378	122.275591
 	32	116.254091
կ	1391	103.435278
ա	1377	295.320988
մ	1396	501.067638
ա	1377	147.412777
ց	1409	136.879921
֊	1418	1351.385355
կ	1391	121.920109
ա	1377	227.260351
մ	1396	112.382174
ա	1377	77.739954
ց	1409	81.048727
 	32	60.510159
ա	1377	163.977861
վ	1406	65.853834
ե	1381	111.719131
լ	1388	539.156914
ի	1387	87.146521
 	32	188.076973
թ	1385	114.226818
ե	1381	22.172928
թ	1385	202.955723
և	1415	72.171450
 	32	176.016808
ո	1400	204.176426
ւ	1410	101.404667
 	32	138.950825
ա	1377	179.159164
ն	1398	77.889681
կ	1391	223.699808
ա	1377	245.972157
շ	1399	278.850794
կ	1391	222.085953
ա	1377	84.046602
ն	1398	177.819490
դ	1380	205.824375
 	32	226.839542
ե	1381	498.032570
ս	1405	264.590979
 	32	309.024811
զ	1382	130.895853
գ	1379	109.999895
ո	1400	189.111471
ւ	1410	47.697067
մ	1396	102.604151
։	1417	365.717649
	13	209.172726
	13	2679.895639
Ե	1333	201.447725
ս	1405	261.893511
 	32	154.082298
ո	1400	82.330465
ւ	1410	134.144545
 	32	140.366316
գ	1379	72.695255
ր	1408	48.791170
ո	1400	118.588686
ղ	1394	241.083622
ն	1398	133.028507
 	32	363.821507
է	1383	166.462660
լ	1388	99.067450
 	32	122.131348
ն	1398	105.686426
ր	1408	56.255341
ա	1377	185.198545
ն	1398	187.109709
ց	1409	153.917074
 	32	116.833210
մ	1396	162.904978
ո	1400	145.626545
տ	1407	88.505030
 	32	180.954933
ն	1398	170.305252
ս	1405	79.047203
տ	1407	91.407537
ե	1381	100.626230
ց	1409	98.272324
ի	1387	93.856335
ն	1398	99.926233
ք	1412	121.014833
,	44	54.741621
 	32	355.031967
խ	1389	191.846132
մ	1396	121.860027
ո	1400	139.636517
ւ	1410	156.658888
մ	1396	196.297169
 	32	93.539238
է	1383	134.589434
ի	1387	163.554668
ն	1398	88.253736
ք	1412	92.364311
 	32	123.801470
ո	1400	195.796490
ւ	1410	204.184771
 	32	373.894453
Ջ	1355	82.134008
ո	1400	257.022858
յ	1397	148.654222
ի	1387	248.780489
ն	1398	58.621168
 	32	180.577040
լ	1388	98.574400
ս	1405	78.277111
ո	1400	151.485443
ւ	1410	81.687450
մ	1396	101.059198
։	1417	174.258471
 	32	749.051094
Ն	1350	238.690138
ա	1377	355.907440
 	32	106.177807
խ	1389	122.251511
ո	1400	57.894945
ս	1405	122.555017
ո	1400	134.913445
ւ	1410	803.303003
մ	1396	209.631443
 	32	159.457684
է	1383	187.929630
ր	1408	105.772972
 	32	108.163595
մ	1396	157.234192
ի	1387	283.741713
 	32	165.322304
մ	1396	104.887486
ա	1377	52.366257
ր	1408	87.395906
դ	1380	180.422068
ո	1400	54.470301
ւ	1410	165.480375
 	32	175.455570
պ	1402	72.783470
ե	1381	175.802946
ս	1405	194.751024
,	44	68.498135
 	32	213.527203
ո	1400	120.906115
ր	1408	65.340757
ը	1384	213.900328
 	32	203.282356
լ	1388	140.321016
ո	1400	178.028345
ւ	1410	125.303984
ր	1408	132.928848
ջ	1403	108.878851
 	32	203.984022
է	1383	65.650702
 	32	117.063046
ո	1400	89.134455
ւ	1410	159.146547
 	32	66.470146
վ	1406	273.942709
ր	1408	60.417175
դ	1380	183.243990
ո	1400	227.405787
վ	1406	94.220877
վ	1406	250.537157
ա	1377	99.389315
ծ	1390	20.864725
,	44	1002.299786
 	32	413.054466
ո	1400	193.148375
ւ	1410	118.817329
ր	1408	138.581038
ա	1377	99.158287
խ	1389	147.324324
 	32	89.115858
ո	1400	695.616961
ւ	1410	77.455759
 	32	126.178265
բ	1378	155.525684
ո	1400	67.157030
ր	1408	165.242195
բ	1378	394.039869
ո	1400	103.503227
ք	1412	171.287537
վ	1406	55.311680
ա	1377	228.665590
ծ	1390	102.207899
 	32	84.553719
մ	1396	374.048471
ի	1387	230.672598
ա	1377	127.321720
ժ	1386	170.912743
ա	1377	134.532928
մ	1396	131.532192
ա	1377	176.376104
ն	1398	193.127155
ա	1377	83.495140
կ	1391	409.684420
։	1417	33.590555
 	32	231.711864
Դ	1332	172.732353
ժ	1386	121.315956
վ	1406	50.775290
ա	1377	162.506104
ր	1408	99.394798
 	32	94.720840
թ	1385	183.895111
ե	1381	96.668005
 	32	118.993044
օ	1413	200.742722
ր	1408	139.856339
ի	1387	113.724470
ո	1400	103.391171
ր	1408	112.212181
դ	1380	126.331568
ի	1387	103.321552
 	32	92.619181
խ	1389	110.524416
ե	1381	114.633799
լ	1388	75.385332
ք	1412	113.156319
ը	1384	212.710857
 	32	103.953838
բ	1378	305.372238
ա	1377	114.518404
ն	1398	78.411818
 	32	132.788897
կ	1391	151.457548
տ	1407	90.394258
ր	1408	748.820066
ե	1381	144.701719
ր	1408	174.588442
 	32	48.068285
ն	1398	70.905447
ր	1408	78.229189
ա	1377	255.672693
 	32	177.443981
ա	1377	198.645353
ս	1405	87.072134
ա	1377	619.425297
ծ	1390	108.525038
ն	1398	49.688101
ե	1381	67.670107
ր	1408	143.668175
ի	1387	83.051682
ց	1409	163.018942
,	44	85.575104
 	32	211.323261
բ	1378	274.722338
ա	1377	74.991941
յ	1397	101.981640
ց	1409	83.930254
 	32	94.471455
Ջ	1355	99.082708
ո	1400	159.614801
յ	1397	106.011629
ի	1387	296.743870
 	32	241.359949
պ	1402	65.408707
ե	1381	120.487928
տ	1407	172.613144
ք	1412	254.812956
ն	1398	286.838293
 	32	138.274908
է	1383	406.234741
լ	1388	224.650383
 	32	142.615795
չ	1401	230.329037
է	1383	103.771210
ր	1408	69.438219
։	1417	147.021055
 	32	101.898909
Վ	1358	98.425627
ի	1387	200.286627
կ	1391	111.780643
տ	1407	77.975512
ո	1400	160.477638
ր	1408	67.286968
 	32	97.821474
Տ	1359	430.263519
ո	1400	184.517384
ս	1405	91.489315
կ	1391	121.228218
ա	1377	71.043968
ն	1398	73.493958
 	32	184.202909
է	1383	112.676144
ր	1408	13.324976
 	32	86.251020
ի	1387	151.941299
ր	1408	65.899134
 	32	110.678196
ը	1384	105.609179
ն	1398	181.242228
տ	1407	100.335598
ի	1387	127.330303
ր	1408	94.124079
 	32	584.211111
շ	1399	251.415968
ա	1377	581.902981
ր	1408	216.130257
ժ	1386	169.725657
ո	1400	44.272184
ւ	1410	208.003521
ձ	1393	27.833223
և	1415	226.738453
ո	1400	98.023176
վ	1406	154.742956
 	32	93.256235
ա	1377	99.395752
մ	1396	167.872906
ե	1381	58.359623
ն	1398	76.544046
 	32	620.688915
ի	1387	159.223557
ն	1398	203.363419
չ	1401	81.914186
 	32	194.221735
հ	1392	66.561460
ա	1377	213.056326
ր	1408	109.525681
թ	1385	195.832968
ո	1400	77.605486
ւ	1410	180.724621
մ	1396	258.919954
,	44	235.376120
 	32	264.902115
վ	1406	310.433149
ա	1377	94.757318
յ	1397	208.578825
ե	1381	83.016157
լ	1388	149.855137
ո	1400	244.146347
ւ	1410	65.395117
չ	1401	162.269592
 	32	65.148115
ո	1400	110.985756
ւ	1410	130.300999
 	32	76.212406
ա	1377	264.621973
ն	1398	182.271481
հ	1392	858.420610
ո	1400	192.363739
գ	1379	50.925016
 	32	103.691339
խ	1389	89.097261
ո	1400	245.834112
ս	1405	109.688759
ա	1377	62.953234
կ	1391	199.169159
ց	1409	43.718100
ո	1400	164.967537
ւ	1410	1291.253567
թ	1385	47.416687
յ	1397	159.351110
ա	1377	92.762709
ն	1398	147.134304
 	32	52.546263
հ	1392	199.892044
ո	1400	134.976864
ւ	1410	178.638458
ն	1398	384.299278
ի	1387	95.790386
 	32	147.987843
մ	1396	127.632141
ե	1381	134.412289
ջ	1403	467.225790
 	32	88.392973
դ	1380	77.599525
ն	1398	167.290926
ո	1400	270.564556
ւ	1410	207.731009
մ	1396	172.836542
։	1417	183.457375
	13	182.517052
	13	140.199423
Ե	1333	132.763624
ր	1408	229.736328
բ	1378	52.720547
 	32	117.133379
դ	1380	102.961779
ո	1400	151.650906
ւ	1410	107.359409
ր	1408	208.278656
ս	1405	54.257870
 	32	216.495514
ե	1381	71.457624
կ	1391	69.623709
ա	1377	14714.892387
ն	1398	193.400383
,	44	120.555639
 	32	139.322042
գ	1379	309.815168
ր	1408	467.977285
ո	1400	298.238754
ղ	1394	44.176817
ի	1387	175.074577
ն	1398	77.825546
 	32	1198.046923
հ	1392	167.579889
ա	1377	137.399912
ր	1408	146.228790
ց	1409	138.826370
ր	1408	281.833410
ի	1387	146.645069
,	44	129.731894
 	32	262.706995
թ	1385	392.471075
ե	1381	220.626354
 	32	44.136047
չ	1401	195.550680
ի	1387	99.823713
՞	1374	353.330135
 	32	121.641874
հ	1392	177.370071
ո	1400	252.035141
գ	1379	132.165194
ն	1398	121.494055
ե	1381	110.346317
լ	1388	83.456993
 	32	92.604876
է	1383	97.096920
ս	1405	271.118164
ք	1412	159.136295
ա	1377	93.624115
ն	1398	144.181967
 	32	219.156027
ե	1381	42.536497
ր	1408	144.813061
կ	1391	66.604853
ա	1377	239.491463
ր	1408	360.899925
 	32	102.613449
ժ	1386	219.658852
ա	1377	187.596560
մ	1396	187.608242
ա	1377	157.591105
ն	1398	83.787203
ա	1377	113.710165
կ	1391	120.230436
 	32	82.282305
ի	1387	259.500980
ր	1408	221.359015
 	32	208.640814
կ	1391	89.133263
ն	1398	296.739101
ո	1400	77.547312
ջ	1403	960.328579
ի	1387	137.419701
ց	1409	138.687849
 	32	132.786512
հ	1392	253.232956
ե	1381	153.584957
ռ	1404	121.721506
ո	1400	55.135012
ւ	1410	661.426067
,	44	66.172838
 	32	125.777245
ա	1377	61.106920
ս	1405	174.655437
ա	1377	145.009995
ց	1409	175.251007
՝	1373	130.998135
 	32	139.971972
վ	1406	72.192430
ա	1377	311.800718
տ	1407	168.220520
 	32	106.192350
է	1383	59.892178
,	44	177.385330
 	32	71.905136
ի	1387	140.935421
հ	1392	98.394156
ա	1377	221.544266
ր	1408	78.499317
կ	1391	116.552114
ե	1381	140.109539
,	44	104.817867
 	32	149.822474
բ	1378	65.857172
ա	1377	111.255646
յ	1397	38.619280
ց	1409	85.188150
 	32	82.940817
մ	1396	101.999521
ի	1387	403.138876
 	32	154.879332
կ	1391	145.817995
ո	1400	120.809317
ղ	1394	66.469908
մ	1396	273.220062
ի	1387	111.546993
ց	1409	142.142773
 	32	163.788795
է	1383	121.497393
լ	1388	93.204260
 	32	78.019142
լ	1388	120.461702
ա	1377	67.239523
վ	1406	198.511362
 	32	147.929430
է	1383	79.631090
։	1417	341.927290
 	32	162.911177
Դ	1332	426.988363
ա	1377	154.265642
 	32	160.532475
պ	1402	123.185396
ե	1381	72.099924
տ	1407	128.457546
ք	1412	62.320232
 	32	424.011707
է	1383	569.675207
,	44	183.695316
 	32	108.973980
ո	1400	119.512796
ր	1408	118.472338
ո	1400	66.221714
վ	1406	198.325157
հ	1392	144.735813
ե	1381	66.987514
տ	1407	231.400728
և	1415	140.594482
 	32	72.063208
հ	1392	202.115297
ե	1381	177.519560
ն	1398	226.593018
ց	1409	101.457834
 	32	148.070335
բ	1378	66.799402
ա	1377	397.800684
ժ	1386	289.790869
ա	1377	291.177034
ն	1398	699.658155
ո	1400	189.274073
ւ	1410	82.896709
մ	1396	252.959251
ն	1398	99.309444
ե	1381	154.187202
ր	1408	122.436762
ի	1387	100.651503
ց	1409	190.774441
 	32	120.596647
ո	1400	107.053757
ւ	1410	152.293444
 	32	81.415892
մ	1396	189.905882
ե	1381	158.130407
ր	1408	124.207258
ժ	1386	88.333845
վ	1406	144.259214
ա	1377	68.320990
ծ	1390	108.718634
 	32	112.847567
ս	1405	180.332661
ի	1387	89.058876
ր	1408	159.193277
ո	1400	189.123154
ւ	1410	60.048580
ց	1409	238.019943
 	32	365.853310
ե	1381	128.720760
ն	1398	113.956451
 	32	98.628044
ա	1377	66.161871
ր	1408	92.213392
վ	1406	294.031858
ե	1381	98.675251
ս	1405	173.044443
տ	1407	76.838493
ո	1400	70.098400
ւ	1410	151.204586
մ	1396	99.202156
 	32	198.699236
մ	1396	93.417406
ե	1381	233.289003
ծ	1390	87.271929
 	32	310.199976
գ	1379	81.621647
ո	1400	198.101759
ր	1408	109.409571
ծ	1390	148.658037
ե	1381	85.398674
ր	1408	197.849035
 	32	117.850065
ծ	1390	82.581520
ն	1398	114.558458
վ	1406	102.690220
ո	1400	98.878145
ւ	1410	63.008785
մ	1396	206.911087
,	44	105.946541
 	32	174.222946
ի	1387	226.725101
ս	1405	92.557669
կ	1391	66.395044
 	32	168.948889
մ	1396	77.337265
ա	1377	207.605362
ր	1408	75.433493
դ	1380	195.166826
 	32	114.613295
կ	1391	83.280563
յ	1397	77.234268
ա	1377	179.774046
ն	1398	285.270929
ք	1412	277.057409
ի	1387	167.798519
 	32	244.374037
փ	1411	155.376673
ո	1400	125.278473
ր	1408	104.443550
ձ	1393	158.120394
 	32	160.173178
է	1383	76.421022
 	32	154.802322
ձ	1393	96.894979
ե	1381	134.315968
ռ	1404	149.067879
ք	1412	117.950439
 	32	98.665237
բ	1378	404.978752
ե	1381	254.152775
ր	1408	56.195498
ո	1400	146.790981
ւ	1410	106.229782
մ	1396	75.028658
։	1417	181.595802
	13	66.886663
	13	145.574093
Ե	1333	60.637951
կ	1391	207.908154
ա	1377	87.185144
,	44	120.534897
 	32	138.394117
տ	1407	131.444693
ո	1400	154.528856
ւ	1410	217.286587
ն	1398	67.166567
 	32	203.341484
հ	1392	341.569424
ա	1377	105.667591
ս	1405	120.738745
ա	1377	403.057814
,	44	213.053226
 	32	155.688763
տ	1407	321.455002
ե	1381	191.664934
ս	1405	166.234732
ն	1398	156.057835
ե	1381	395.574093
մ	1396	113.311052
 	32	119.801044
խ	1389	100.909472
ե	1381	96.480846
ղ	1394	828.167915
ճ	1395	621.460199
 	32	206.036806
Ջ	1355	193.137169
ի	1387	163.259745
լ	1388	72.422743
ը	1384	93.726635
 	32	110.650539
ա	1377	178.168774
ր	1408	112.007856
տ	1407	81.037760
ա	1377	78.626156
ս	1405	211.935997
ո	1400	117.924690
ւ	1410	111.622095
ք	1412	113.257647
 	32	71.851015
թ	1385	114.866972
ա	1377	98.723173
փ	1411	118.731737
ե	1381	313.136578
լ	1388	174.818993
ո	1400	73.345661
վ	1406	612.128973
,	44	164.384604
 	32	118.228436
մ	1396	275.293827
ե	1381	321.726799
ր	1408	67.339659
 	32	123.385668
տ	1407	134.181738
ղ	1394	109.119654
ա	1377	447.245836
յ	1397	43.622732
ի	1387	39.768696
 	32	128.366947
հ	1392	87.680101
ա	1377	220.625162
մ	1396	43.672323
ա	1377	88.974714
ր	1408	80.103159
 	32	136.071920
շ	1399	142.894030
ո	1400	217.089415
ր	1408	495.263338
֊	1418	347.866535
շ	1399	362.001181
ա	1377	107.413769
պ	1402	121.754408
ի	1387	225.726128
կ	1391	226.121187
 	32	90.256214
է	1383	117.384672
 	32	157.117367
կ	1391	119.026661
ա	1377	49.706697
ր	1408	198.753595
ո	1400	506.091595
ւ	1410	59.888124
մ	1396	292.164564
,	44	123.785734
 	32	191.188097
դ	1380	50.274372
ե	1381	116.582394
,	44	188.343525
 	32	111.723423
մ	1396	118.230104
ի	1387	66.078186
ա	1377	225.811720
ն	1398	53.057194
գ	1379	54.259777
ա	1377	116.448879
մ	1396	82.122326
ի	1387	239.886999
ց	1409	128.014088
 	32	51.662683
ն	1398	210.669041
ր	1408	146.054029
ա	1377	269.371033
ն	1398	160.406590
 	32	106.303930
գ	1379	107.103586
ի	1387	101.604939
ր	1408	149.958611
կ	1391	94.702482
ս	1405	51.755190
 	32	185.047388
ա	1377	60.166359
ռ	1404	56.192160
ա	1377	83.264589
 	32	447.248459
ո	1400	357.067585
ւ	1410	194.412470
 	32	259.515762
ս	1405	223.373890
կ	1391	116.189241
ս	1405	184.543371
ե	1381	157.934904
ց	1409	33.232212
ի	1387	194.956064
 	32	123.130322
ն	1398	128.510952
ո	1400	116.794348
ւ	1410	383.241415
յ	1397	222.223759
ն	1398	51.581144
 	32	165.842772
օ	1413	98.327637
ր	1408	74.678183
ը	1384	146.309137
 	32	120.187759
գ	1379	117.657900
ր	1408	85.775375
ա	1377	96.175194
ծ	1390	49.709082
 	32	765.105724
փ	1411	77.070236
ո	1400	95.467091
ք	1412	85.867882
ր	1408	82.040310
ի	1387	217.883110
կ	1391	50.016642
 	32	169.946432
բ	1378	129.136562
ա	1377	247.174978
ն	1398	143.295288
ա	1377	66.329718
ս	1405	172.190189
տ	1407	189.068317
ե	1381	68.485022
ղ	1394	106.757402
ծ	1390	155.213833
ո	1400	72.522879
ւ	1410	134.655237
թ	1385	111.289740
յ	1397	71.611166
ո	1400	59.717655
ւ	1410	187.151194
ն	1398	80.505133
ս	1405	101.659298
 	32	229.373932
ա	1377	141.003847
կ	1391	83.052874
ա	1377	240.069151
ն	1398	154.474974
ջ	1403	181.507587
ի	1387	270.880699
ն	1398	148.311377
 	32	72.395086
փ	1411	112.611294
ս	1405	127.482176
փ	1411	111.404419
ս	1405	119.269848
ա	1377	94.935656
լ	1388	44.013739
։	1417	173.456192
 	32	275.765181
Ս	1357	130.476236
ո	1400	165.414810
վ	1406	209.462643
ո	1400	277.690887
ր	1408	149.089813
ո	1400	78.055620
ւ	1410	167.971611
թ	1385	50.785780
յ	1397	139.434099
ո	1400	66.211939
ւ	1410	171.825409
ն	1398	149.803162
 	32	77.836514
է	1383	78.119755
ի	1387	108.519316
 	32	639.271498
դ	1380	147.304535
ա	1377	129.729986
ր	1408	105.610132
ձ	1393	300.477743
ր	1408	223.709106
ե	1381	83.127975
լ	1388	108.231068
,	44	86.342573
 	32	168.718576
ա	1377	188.806772
մ	1396	92.893124
ե	1381	162.158012
ն	1398	114.406586
 	32	66.114664
օ	1413	56.886911
ր	1408	179.089069
 	32	116.340876
ն	1398	83.231688
ր	1408	79.746962
ա	1377	89.632988
 	32	174.364090
հ	1392	168.965816
ա	1377	92.635155
մ	1396	87.931871
ա	1377	122.097731
ր	1408	66.425085
 	32	91.035843
մ	1396	189.779282
ի	1387	187.305689
 	32	136.900425
բ	1378	117.151976
ա	1377	269.115448
ն	1398	407.636881
 	32	438.286304
է	1383	71.511269
ի	1387	132.961273
 	32	433.896780
գ	1379	165.196657
ր	1408	498.847008
ո	1400	227.096319
ւ	1410	66.109180
մ	1396	149.823189
․	8228	280.601263
 	32	103.254795
ա	1377	179.285526
ս	1405	116.870165
ե	1381	80.256462
ն	1398	115.155458
ք	1412	163.163185
՝	1373	257.687330
 	32	250.933170
ն	1398	148.509026
ա	1377	253.312826
մ	1396	149.183750
ա	1377	137.259960
կ	1391	160.625458
,	44	66.129684
 	32	196.018457
բ	1378	55.207491
ա	1377	132.835150
ն	1398	152.693272
ա	1377	55.325508
ս	1405	155.552864
տ	1407	78.039885
ե	1381	240.678787
ղ	1394	93.746424
ծ	1390	264.354706
ո	1400	65.573454
ւ	1410	478.383064
թ	1385	65.593481
յ	1397	182.854652
ո	1400	130.424023
ւ	1410	95.389843
ն	1398	110.471487
,	44	31.650782
 	32	243.465900
թ	1385	404.617071
ե	1381	276.860237
կ	1391	642.495394
ո	1400	472.987413
ւ	1410	209.194899
զ	1382	350.404739
 	32	934.589624
ա	1377	257.024288
պ	1402	491.963863
ա	1377	290.939331
գ	1379	70.070028
ա	1377	357.676744
յ	1397	125.484943
ի	1387	100.657225
 	32	72.139025
գ	1379	211.788416
ո	1400	304.817200
ւ	1410	306.320190
շ	1399	90.478420
ա	1377	90.001822
կ	1391	107.295513
ո	1400	98.164320
ւ	1410	488.381624
թ	1385	217.935324
յ	1397	227.470875
ո	1400	234.129190
ւ	1410	223.511219
ն	1398	123.092175
 	32	106.805801
կ	1391	278.461933
ա	1377	49.259901
մ	1396	191.284180
 	32	59.663534
ա	1377	173.885822
ն	1398	62.335730
ց	1409	375.833988
յ	1397	233.740091
ա	1377	206.032753
լ	1388	111.325741
ո	1400	76.781511
ւ	1410	55.149078
մ	1396	186.400175
 	32	55.083752
ե	1381	137.547016
ղ	1394	66.137791
ա	1377	138.066053
ծ	1390	59.874535
 	32	242.149115
ի	1387	132.733583
ն	1398	207.444429
չ	1401	810.991526
֊	1418	225.208521
ո	1400	97.906828
ր	1408	413.889408
 	32	283.887386
զ	1382	169.629097
վ	1406	66.037893
ա	1377	156.863451
ր	1408	104.622602
ճ	1395	275.406361
ա	1377	119.846106
լ	1388	92.188597
ի	1387	111.952543
 	32	66.105843
պ	1402	169.047832
ա	1377	162.283897
տ	1407	71.982861
մ	1396	105.522871
ո	1400	159.485579
ւ	1410	287.078142
թ	1385	62.881231
յ	1397	211.525679
ո	1400	98.860264
ւ	1410	142.549276
ն	1398	120.731592
,	44	255.477428
 	32	54.377556
գ	1379	84.863663
ի	1387	102.356672
տ	1407	121.260405
ե	1381	141.271114
ի	1387	208.661079
,	44	169.598341
 	32	111.249208
ո	1400	84.650993
ր	1408	51.309586
 	32	188.378572
կ	1391	99.873066
ո	1400	131.541967
ւ	1410	152.452230
ր	1408	196.387529
ա	1377	437.604666
խ	1389	129.868269
ա	1377	191.802502
ն	1398	87.596416
ա	1377	88.370085
,	44	221.077681
 	32	71.599007
ո	1400	108.343601
ւ	1410	483.747959
 	32	105.328560
է	1383	77.330828
ս	1405	65.275669
 	32	121.572733
ա	1377	78.931332
ն	1398	94.099998
գ	1379	134.018660
ա	1377	190.897703
մ	1396	85.737944
 	32	198.043823
է	1383	99.099874
լ	1388	336.174965
 	32	164.251804
ո	1400	310.211897
տ	1407	141.659260
ա	1377	128.549576
ն	1398	146.748781
ա	1377	121.112585
վ	1406	76.701641
ո	1400	158.254147
ր	1408	186.048746
 	32	80.569506
է	1383	587.711811
ի	1387	550.731421
 	32	225.269318
ա	1377	110.467672
կ	1391	308.332205
ա	1377	132.467747
ն	1398	130.210161
ջ	1403	190.503597
ի	1387	231.401920
ն	1398	157.826900
 	32	189.935923
ա	1377	199.209213
ս	1405	88.624001
ո	1400	178.559303
ւ	1410	178.550959
մ	1396	77.822924
,	44	144.216776
 	32	94.005108
կ	1391	93.184233
ե	1381	121.225119
ս	1405	65.544844
ը	1384	256.455183
 	32	70.881367
ե	1381	233.742714
ս	1405	159.395456
 	32	134.315729
է	1383	135.012150
ի	1387	43.988228
 	32	132.188559
հ	1392	27.708769
ն	1398	96.323729
ա	1377	168.977499
ր	1408	65.855265
ե	1381	114.346981
լ	1388	157.728434
,	44	91.636658
 	32	128.853083
կ	1391	55.735826
ե	1381	176.906824
ս	1405	83.128691
ն	1398	146.188736
 	32	71.307421
է	1383	201.691866
լ	1388	234.353781
 	32	279.629946
մ	1396	255.071878
ի	1387	195.346117
 	32	136.423111
տ	1407	257.272243
ե	1381	198.880911
ղ	1394	152.844191
 	32	199.236155
կ	1391	243.993282
ա	1377	125.446558
ր	1408	137.270451
դ	1380	118.320942
ա	1377	98.838568
ց	1409	95.015287
ա	1377	71.719646
ծ	1390	78.218937
ս	1405	61.692476
 	32	158.123255
բ	1378	51.539898
ա	1377	91.871977
ն	1398	95.264435
ա	1377	82.419157
ս	1405	138.838291
տ	1407	93.859673
ե	1381	72.683096
ղ	1394	110.162973
ծ	1390	135.134459
ո	1400	134.535074
ւ	1410	124.576330
թ	1385	184.405565
յ	1397	60.458422
ո	1400	73.605537
ւ	1410	113.675356
ն	1398	81.660509
ի	1387	100.759983
ց	1409	59.758663
 	32	181.760311
է	1383	183.857918
ի	1387	59.765100
 	32	192.724228
թ	1385	185.762167
ռ	1404	121.737480
ց	1409	84.191322
ր	1408	138.209820
ե	1381	102.529764
լ	1388	81.581593
․	8228	119.780302
	13	88.312149
	13	56.218386
Թ	1337	211.416245
ե	1381	100.546360
մ	1396	58.793783
զ	1382	154.702425
ա	1377	51.015377
յ	1397	66.156626
ո	1400	77.359200
վ	1406	187.977076
 	32	72.758675
մ	1396	71.042538
ի	1387	183.458328
շ	1399	87.344170
տ	1407	102.878809
 	32	82.738876
վ	1406	161.427975
ե	1381	291.543245
ր	1408	452.912092
ո	1400	165.864229
ւ	1410	81.578255
վ	1406	181.597233
ա	1377	121.460199
ր	1408	91.204166
	13	287.007809
Ո	1352	131.766319
ւ	1410	134.097338
 	32	102.143526
Ս	1357	117.138386
թ	1385	116.366386
ր	1408	148.032665
ե	1381	197.488546
ն	1398	82.539558
դ	1380	496.912718
ո	1400	65.084696
վ	1406	178.458691
 	32	72.276354
հ	1392	244.625807
ե	1381	221.764565
տ	1407	66.767216
 	32	261.905193
ո	1400	221.805573
ւ	1410	154.738426
 	32	117.593050
ա	1377	68.833828
ռ	1404	111.449718
ա	1377	66.352129
ջ	1403	72.616339
՝	1373	176.590681
	13	254.222393
Ի	1339	60.712576
մ	1396	221.529245
 	32	207.161903
Ջ	1355	88.012457
ի	1387	90.098858
լ	1388	71.637630
ի	1387	161.833286
 	32	108.613729
հ	1392	282.157421
ե	1381	150.661230
տ	1407	93.365431
 	32	130.481482
ձ	1393	67.095280
ե	1381	110.569477
ռ	1404	65.148592
ք	1412	77.669859
֊	1418	369.203806
ձ	1393	126.672745
ե	1381	104.262590
ռ	1404	259.913921
ք	1412	161.854029
ի	1387	582.093716
․	8228	106.367826
	13	116.227388
Ա	1329	74.243784
՛	1371	105.628252
յ	1397	61.706543
,	44	82.349062
 	32	177.211046
ս	1405	44.099092
ա	1377	174.801588
 	32	60.228348
է	1383	106.140852
 	32	60.888052
կ	1391	95.892191
յ	1397	120.463133
ա	1377	74.627638
ն	1398	1075.695515
ք	1412	155.368090
ն	1398	73.409796
 	32	166.838884
ի	1387	93.528986
մ	1396	173.579693
 	32	50.290823
ո	1400	156.199932
ւ	1410	182.858467
զ	1382	185.419798
ա	1377	87.893724
ծ	1390	285.902977
։	1417	154.734135
	13	149.383068
	13	163.074017
Ջ	1355	573.028326
ի	1387	213.836670
լ	1388	145.879269
ը	1384	62.190056
 	32	741.001844
մ	1396	225.986242
ի	1387	67.109585
 	32	136.405230
ք	1412	237.486601
ի	1387	125.552416
չ	1401	153.101206
 	32	50.036669
ծ	1390	99.057198
ի	1387	182.394028
ծ	1390	82.304239
ա	1377	69.980383
ղ	1394	85.803509
ե	1381	97.613096
ց	1409	104.285002
,	44	79.502821
 	32	94.603777
բ	1378	76.753139
ա	1377	54.362059
յ	1397	160.065889
ց	1409	612.435579
 	32	116.766214
ք	1412	170.416355
ի	1387	100.991249
չ	1401	124.625206
 	32	53.978205
հ	1392	130.506277
ե	1381	663.421392
տ	1407	94.967127
ո	1400	177.463293
 	32	131.964207
ն	1398	51.796436
ո	1400	238.413572
ր	1408	116.420507
ի	1387	82.267284
ց	1409	145.697355
 	32	85.955620
լ	1388	162.715197
ա	1377	112.381458
ց	1409	135.055065
ն	1398	96.196890
 	32	169.385195
ե	1381	72.002888
կ	1391	225.789785
ա	1377	68.813562
վ	1406	81.336498
,	44	137.040615
 	32	226.256847
է	1383	102.383614
ն	1398	180.642128
պ	1402	154.406071
ե	1381	77.002287
ս	1405	77.907562
 	32	125.136375
ո	1400	54.928303
ր	1408	198.518515
 	32	88.809252
ո	1400	96.707106
ւ	1410	152.165890
զ	1382	342.880487
ա	1377	98.457813
ծ	1390	114.303350
֊	1418	108.867884
չ	1401	70.733786
ո	1400	142.227650
ւ	1410	113.666058
զ	1382	55.801153
ա	1377	268.526077
ծ	1390	325.179338
 	32	100.693703
պ	1402	141.550303
ի	1387	113.922596
տ	1407	114.988804
ի	1387	97.891808
 	32	108.458757
շ	1399	149.306059
ա	1377	171.475172
ր	1408	105.882168
ո	1400	158.506632
ւ	1410	55.907249
ն	1398	120.790720
ա	1377	81.723928
կ	1391	192.623615
ե	1381	60.670137
ի	1387	187.873125
,	44	190.986395
 	32	78.136206
չ	1401	162.023306
ն	1398	76.698780
ա	1377	146.035910
յ	1397	115.539551
ա	1377	67.294359
ծ	1390	215.057850
 	32	155.085087
է	1383	148.570776
լ	1388	90.655804
 	32	92.288733
գ	1379	109.079838
ր	1408	241.842031
ա	1377	182.516813
ծ	1390	89.252234
 	32	116.870403
բ	1378	95.375776
ա	1377	128.088951
ն	1398	238.352776
 	32	77.183962
չ	1401	163.250208
ո	1400	341.111898
ւ	1410	191.076040
ն	1398	82.504272
ե	1381	150.233507
ի	1387	106.266022
 	32	83.600998
ո	1400	109.709024
ւ	1410	104.850531
 	32	55.998802
ս	1405	272.341490
տ	1407	144.789457
ի	1387	55.377483
պ	1402	211.273193
վ	1406	44.643641
ա	1377	252.352953
ծ	1390	110.374928
 	32	131.474972
է	1383	88.298798
ի	1387	133.006573
 	32	124.282360
հ	1392	94.141006
ա	1377	165.752172
ն	1398	206.304073
պ	1402	165.552616
ա	1377	195.389748
տ	1407	110.229254
ր	1408	226.176500
ա	1377	77.447176
ս	1405	111.639023
տ	1407	103.720903
ի	1387	51.368713
ց	1409	225.887537
 	32	64.503908
հ	1392	244.993687
ո	1400	120.974064
ր	1408	142.226458
ի	1387	166.549921
ն	1398	65.345049
ե	1381	107.527733
լ	1388	66.552162
․	8228	81.867456
	13	196.617603
	13	87.490559
Թ	1337	94.691515
ր	1408	125.859499
ա	1377	214.681387
ֆ	1414	164.685726
ա	1377	61.016321
լ	1388	222.591877
գ	1379	588.949203
ա	1377	265.851736
ր	1408	162.373304
ո	1400	93.091249
ւ	1410	135.452509
մ	1396	306.822777
 	32	559.854746
մ	1396	206.617832
ի	1387	890.772581
շ	1399	241.112709
տ	1407	127.315760
 	32	284.477234
ն	1398	192.079306
ս	1405	115.554094
տ	1407	96.690655
ե	1381	136.220217
ի	1387	115.373135
ն	1398	129.590988
ք	1412	77.857971
,	44	278.332710
	13	87.902069
Օ	1365	159.670353
լ	1388	86.728573
դ	1380	163.932085
 	32	129.594326
Բ	1330	264.212847
ե	1381	91.064930
յ	1397	115.401030
լ	1388	60.482502
ի	1387	152.035475
ո	1400	745.731115
վ	1406	467.085361
 	32	152.402163
զ	1382	104.399443
բ	1378	362.454414
ո	1400	334.741116
ս	1405	226.703167
ն	1398	145.019770
ե	1381	217.915058
ի	1387	205.739737
ն	1398	223.343611
ք	1412	128.456354
՝	1373	114.036083
 	32	162.483215
	13	76.151371
Ի	1339	82.836628
մ	1396	111.240387
 	32	100.787878
Ջ	1355	143.226624
ի	1387	78.880548
լ	1388	157.862425
ի	1387	93.811274
 	32	109.619856
հ	1392	112.867355
ե	1381	581.844568
տ	1407	221.496820
,	44	351.366282
 	32	258.876801
ի	1387	71.750641
՜	1372	808.551311
մ	1396	254.326344
 	32	233.140469
Ջ	1355	81.776381
ի	1387	123.853445
լ	1388	181.967735
ի	1387	103.881121
․	8228	66.883802
	13	109.664679
Ա	1329	238.478422
՛	1371	214.112759
յ	1397	27.524948
,	44	151.470423
 	32	288.244724
ս	1405	689.579248
ա	1377	233.243942
 	32	300.017595
է	1383	220.412493
 	32	29.344797
կ	1391	170.356750
յ	1397	129.940987
ա	1377	677.689552
ն	1398	325.975657
ք	1412	5299.812078
ն	1398	587.281704
 	32	674.058437
ի	1387	1283.840895
մ	1396	285.034657
 	32	192.121029
ո	1400	62.181711
ւ	1410	65.883160
զ	1382	77.419758
ա	1377	138.345003
ծ	1390	142.707348
։	1417	161.340714
	13	175.080538
