Հ
ե	1381	474.166155
տ	1407	88.439703
ո	1400	134.279013
 	32	152.518034
ք	1412	279.189348
ա	1377	296.754360
շ	1399	71.272850
վ	1406	179.203987
ե	1381	81.947565
ց	1409	216.123819
 	32	187.971115
մ	1396	165.108442
ի	1387	161.573410
 	32	192.816973
կ	1391	73.703289
ո	1400	91.872931
ղ	1394	230.867386
մ	1396	92.963457
,	44	187.459230
 	32	146.902800
ի	1387	181.897402
ս	1405	72.129488
կ	1391	142.419338
 	32	124.527216
ք	1412	73.962450
ա	1377	95.199823
ր	1408	141.027212
ո	1400	179.688454
զ	1382	115.259647
ի	1387	106.693506
չ	1401	268.326759
ը	1384	169.876814
 	32	184.432030
ն	1398	203.719378
ո	1400	77.193499
ր	1408	175.225258
ի	1387	89.004755
ց	1409	88.458300
 	32	139.209986
ս	1405	101.390362
կ	1391	107.139587
ս	1405	113.806248
ե	1381	105.487108
ց	1409	82.164288
։	1417	162.497997
 	32	166.587830
Ա	1329	277.281284
ն	1398	217.782021
ց	1409	133.518696
ո	1400	126.121044
ր	1408	147.317171
դ	1380	155.678034
ն	1398	110.162735
ե	1381	105.594397
ր	1408	120.615005
ը	1384	73.067665
 	32	96.296072
կ	1391	148.130417
ա	1377	65.971851
ն	1398	147.587061
գ	1379	82.063913
ն	1398	88.204861
ո	1400	68.140030
ւ	1410	82.251072
մ	1396	87.832212
 	32	410.645485
է	1383	131.887674
ի	1387	114.841461
ն	1398	178.389788
,	44	61.017036
 	32	116.482258
ա	1377	161.486626
կ	1391	164.948940
ա	1377	91.207266
ն	1398	688.231468
ջ	1403	245.132446
 	32	84.984541
դ	1380	198.409796
ն	1398	93.808651
ո	1400	102.861166
ւ	1410	107.566833
մ	1396	105.516434
։	1417	107.608080
 	32	145.376682
Մ	1348	137.044668
ա	1377	77.253103
ր	1408	93.204975
դ	1380	157.828331
ն	1398	218.594313
 	32	177.587271
ի	1387	129.320145
ր	1408	134.326696
 	32	63.709259
ձ	1393	134.781837
ա	1377	108.346462
յ	1397	77.010870
ն	1398	170.166254
ո	1400	139.799356
վ	1406	94.342470
 	32	210.446119
ո	1400	183.507204
ւ	1410	78.300953
 	32	138.478518
խ	1389	33.130407
ո	1400	123.164415
ս	1405	71.797609
ք	1412	110.925198
ե	1381	61.686993
ր	1408	87.791204
ո	1400	245.595932
վ	1406	22.228956
 	32	180.042744
մ	1396	239.005327
ի	1387	159.376383
 	32	121.526003
տ	1407	78.252316
ե	1381	73.371887
ս	1405	103.913069
ա	1377	218.675137
կ	1391	679.263115
 	32	192.042828
գ	1379	153.467178
ր	1408	349.895239
ա	1377	135.318756
վ	1406	44.294834
ո	1400	184.528828
ւ	1410	72.084427
մ	1396	196.755648
 	32	86.111784
է	1383	176.482916
ր	1408	93.196392
 	32	72.242975
ա	1377	92.688560
մ	1396	144.005060
ե	1381	73.000431
ն	1398	171.533585
ք	1412	51.316977
ի	1387	60.395002
ն	1398	150.922775
։	1417	55.294275
 	32	157.547951
Տ	1359	99.294901
ե	1381	100.044250
ս	1405	113.356352
ն	1398	171.169281
ե	1381	169.556618
մ	1396	133.667946
 	32	246.712923
գ	1379	154.940128
ր	1408	442.301035
ո	1400	280.078888
ղ	1394	181.559563
ը	1384	88.375092
 	32	223.668337
տ	1407	136.107922
ն	1398	74.683666
տ	1407	634.864807
ղ	1394	92.576981
ո	1400	67.516327
ւ	1410	194.211960
մ	1396	67.759991
 	32	77.564716
է	1383	169.024467
 	32	198.170185
մ	1396	94.688654
ա	1377	244.189262
ր	1408	221.459150
դ	1380	67.243814
կ	1391	196.439028
ա	1377	62.471390
ն	1398	93.753576
ց	1409	147.205830
։	1417	294.144869
 	32	381.070614
Բ	1330	212.705374
ո	1400	101.284266
լ	1388	103.566885
ո	1400	99.435568
ր	1408	111.769915
ն	1398	83.132505
 	32	114.429712
է	1383	78.228474
լ	1388	265.187979
 	32	702.382565
փ	1411	202.435017
ո	1400	307.601690
ղ	1394	247.109175
 	32	212.045193
է	1383	61.061621
ի	1387	143.557549
ն	1398	119.711637
 	32	233.808041
գ	1379	66.044807
ց	1409	233.683109
ո	1400	98.743200
ւ	1410	88.805676
մ	1396	1736.153603
 	32	198.278904
ք	1412	207.731247
ա	1377	155.655861
ր	1408	130.355835
ո	1400	100.446224
զ	1382	142.379045
չ	1401	90.925932
ի	1387	96.478224
ն	1398	214.985132
։	1417	141.083956
 	32	97.675800
Ն	1350	160.979986
ա	1377	55.166721
 	32	127.699614
մ	1396	181.424856
ի	1387	127.032280
 	32	149.304152
ք	1412	276.954651
ա	1377	281.308889
ռ	1404	178.485870
ա	1377	156.693459
ս	1405	223.607779
ո	1400	170.944691
ւ	1410	198.549271
ն	1398	226.477146
հ	1392	137.583494
ի	1387	297.140360
ն	1398	105.188847
գ	1379	88.295221
 	32	550.788403
ր	1408	194.343328
ո	1400	253.576756
պ	1402	83.229065
ե	1381	215.727568
 	32	169.406891
մ	1396	133.786440
ն	1398	322.459936
ա	1377	279.272079
ց	1409	111.295938
 	32	180.160046
շ	1399	115.053415
ե	1381	79.864025
ն	1398	416.468620
ք	1412	122.231960
ի	1387	77.816725
 	32	152.905464
ա	1377	71.970940
ռ	1404	160.228491
ա	1377	187.833071
ա	1377	77.329874
ջ	1403	230.742455
,	44	708.746433
 	32	471.888542
ո	1400	583.881140
ւ	1410	439.038038
 	32	188.933134
ժ	1386	202.124834
ո	1400	291.218042
ղ	1394	118.705273
ո	1400	129.123211
վ	1406	99.862099
ո	1400	94.971657
ւ	1410	230.701208
ր	1408	537.875414
դ	1380	136.865139
ը	1384	99.320889
 	32	77.907324
ա	1377	87.802887
ն	1398	26.917934
ը	1384	403.939486
ն	1398	88.414907
դ	1380	1521.917343
հ	1392	87.394476
ա	1377	77.832460
տ	1407	233.763218
 	32	71.451664
փ	1411	209.818602
ո	1400	184.675694
ղ	1394	171.580553
 	32	183.904886
է	1383	325.714588
ր	1408	323.102474
 	32	178.169489
տ	1407	151.218653
ա	1377	128.389359
լ	1388	108.572721
ի	1387	77.948332
ս	1405	897.340775
 	32	125.350475
ն	1398	245.635748
ր	1408	203.451633
ա	1377	100.422382
ն	1398	110.140800
։	1417	88.303804
 	32	72.474957
Վ	1358	73.930264
ա	1377	270.324707
խ	1389	219.005346
ե	1381	218.082428
ն	1398	100.383282
ո	1400	137.911320
ւ	1410	82.581520
մ	1396	70.337057
 	32	255.416155
է	1383	61.014414
ի	1387	116.776943
,	44	48.524141
 	32	132.478476
ո	1400	471.991777
ր	1408	195.618629
 	32	195.577860
է	1383	97.188473
դ	1380	104.348421
 	32	242.085695
մ	1396	186.462641
ե	1381	180.514812
ծ	1390	260.426521
 	32	99.428415
հ	1392	178.998470
ա	1377	114.496469
ջ	1403	83.271742
ո	1400	109.241247
ղ	1394	182.617664
ո	1400	83.996058
ւ	1410	81.487894
թ	1385	200.437069
յ	1397	239.572525
ո	1400	55.159807
ւ	1410	127.863884
ն	1398	92.930317
ը	1384	83.117962
 	32	134.038448
փ	1411	218.474150
ո	1400	82.814455
ր	1408	170.325041
ձ	1393	67.170143
ա	1377	268.717527
ն	1398	95.844030
ք	1412	203.475475
 	32	57.901382
դ	1380	362.269163
ա	1377	199.678898
ռ	1404	266.318321
ն	1398	251.503229
ա	1377	70.835352
 	32	112.759352
գ	1379	71.216583
լ	1388	81.760406
պ	1402	59.569120
ի	1387	152.227163
ն	1398	188.412428
։	1417	77.375174
 	32	123.694897
Հ	1344	238.502741
ա	1377	107.278585
ս	1405	88.260651
տ	1407	196.442604
ա	1377	102.368355
տ	1407	99.278927
 	32	97.811699
մ	1396	286.200523
ի	1387	198.270082
 	32	84.833145
ե	1381	135.719061
ր	1408	79.800129
ե	1381	218.973875
ք	1412	137.673855
֊	1418	114.359856
չ	1401	573.600292
ո	1400	242.715836
ր	1408	177.342892
ս	1405	248.682499
 	32	171.388388
ֆ	1414	171.597242
ո	1400	195.086479
ւ	1410	99.561691
ն	1398	311.362505
տ	1407	208.666563
 	32	65.562010
հ	1392	124.491692
ա	1377	182.318926
վ	1406	176.778078
ա	1377	107.634306
ք	1412	417.025805
ա	1377	185.022116
ծ	1390	11.642456
 	32	620.246172
կ	1391	433.928490
լ	1388	146.507263
ի	1387	136.236906
ն	1398	505.405664
ե	1381	108.227015
ր	1408	165.093899
,	44	155.956030
 	32	342.828274
ե	1381	145.025253
թ	1385	68.218708
ե	1381	116.645575
 	32	66.097021
ո	1400	1142.943621
չ	1401	160.498142
 	32	98.869324
ա	1377	144.346476
վ	1406	94.655991
ե	1381	89.441776
լ	1388	220.614672
։	1417	39.181709
 	32	111.169815
Մ	1348	111.241102
տ	1407	237.678289
ա	1377	185.318708
ծ	1390	189.895153
ո	1400	82.959890
ւ	1410	367.945671
մ	1396	204.487801
 	32	55.309296
է	1383	192.309618
ի	1387	90.685368
՝	1373	112.350941
 	32	221.306801
ո	1400	71.733236
վ	1406	125.924349
 	32	189.548492
գ	1379	198.447704
ի	1387	55.068254
տ	1407	127.766609
ի	1387	110.495806
 	32	82.779884
ա	1377	198.209763
հ	1392	66.255569
ա	1377	177.477121
վ	1406	131.561756
ո	1400	283.900261
ր	1408	182.202101
 	32	166.504383
բ	1378	426.772356
ա	1377	338.328838
ն	1398	73.795080
 	32	60.704947
ա	1377	109.232664
ր	1408	112.710238
ի	1387	129.964590
,	44	187.877893
 	32	44.762611
ո	1400	261.764526
ր	1408	148.304462
 	32	146.434069
ն	1398	157.563448
ր	1408	302.680731
ա	1377	243.839025
ն	1398	132.317781
 	32	368.394613
կ	1391	93.716621
ա	1377	152.519464
ն	1398	93.112946
չ	1401	105.569124
ե	1381	436.508417
ց	1409	171.523333
ի	1387	80.728054
 	32	93.956947
է	1383	182.798386
ս	1405	43.836355
տ	1407	99.447727
ե	1381	440.091133
ղ	1394	55.411577
․	8228	117.545843
 	32	75.616121
ա	1377	121.451378
խ	1389	116.268158
ր	1408	158.601522
 	32	252.547979
ա	1377	71.798325
ռ	1404	998.470545
ա	1377	108.305216
ք	1412	71.737051
ի	1387	188.406944
ն	1398	215.202093
ի	1387	117.596388
 	32	105.524302
մ	1396	60.953140
ա	1377	351.338387
ր	1408	113.924742
դ	1380	55.368662
ը	1384	153.680325
 	32	82.305193
չ	1401	159.812212
պ	1402	122.451544
ե	1381	80.207348
տ	1407	308.925390
ք	1412	242.149591
 	32	251.502991
է	1383	68.343163
 	32	226.835728
հ	1392	146.380424
ա	1377	194.787741
յ	1397	136.908293
տ	1407	393.383265
ն	1398	290.749073
վ	1406	88.330507
ի	1387	119.375467
 	32	71.640253
է	1383	120.483637
ն	1398	976.887465
պ	1402	193.867683
ի	1387	218.710184
ս	1405	155.836344
ի	1387	285.349131
 	32	215.216875
վ	1406	632.079601
ի	1387	167.335987
ճ	1395	258.599281
ա	1377	200.480223
կ	1391	107.429028
ո	1400	84.252357
ւ	1410	97.599506
մ	1396	123.802423
,	44	89.815378
 	32	653.295994
ե	1381	192.859173
ր	1408	121.506691
բ	1378	88.270187
 	32	147.403002
ջ	1403	109.203815
ա	1377	180.395842
ն	1398	214.765072
ք	1412	175.880909
ե	1381	75.677156
ր	1408	105.904579
ի	1387	109.143972
դ	1380	76.246023
 	32	118.860483
ա	1377	125.574350
ր	1408	122.249842
դ	1380	287.606478
յ	1397	162.713289
ո	1400	244.993210
ւ	1410	177.160025
ն	1398	75.563192
ք	1412	129.655123
ն	1398	122.571945
 	32	153.448105
ը	1384	103.762150
ն	1398	185.350180
կ	1391	168.784857
ա	1377	71.499586
լ	1388	138.346672
ո	1400	63.011408
ւ	1410	159.493446
մ	1396	189.641714
 	32	102.334023
ե	1381	93.456030
ս	1405	110.545397
 	32	146.651268
հ	1392	28.331757
ա	1377	1010.402441
ջ	1403	183.830500
ո	1400	113.986254
ղ	1394	150.494337
ո	1400	190.387964
ւ	1410	116.898298
թ	1385	167.775154
յ	1397	115.921736
ա	1377	88.858128
ն	1398	401.486635
 	32	136.912823
ա	1377	198.688507
մ	1396	96.665144
ե	1381	82.707644
ն	1398	93.436241
ա	1377	178.046942
շ	1399	95.441818
ո	1400	110.243559
շ	1399	72.142363
ա	1377	281.963110
փ	1411	131.157637
ե	1381	184.609413
լ	1388	72.078705
ի	1387	88.058233
 	32	116.607666
ո	1400	45.161009
ւ	1410	177.373648
 	32	72.142124
բ	1378	66.138744
ա	1377	167.665005
ց	1409	33.962488
ա	1377	282.748461
հ	1392	103.419542
ա	1377	248.093367
յ	1397	210.664272
տ	1407	274.619341
 	32	294.037104
ձ	1393	102.683544
և	1415	98.457098
ո	1400	85.829735
վ	1406	123.558521
․	8228	88.325262
 	32	45.546055
ը	1384	205.171347
ս	1405	169.180393
տ	1407	88.128805
 	32	123.559237
շ	1399	77.190161
ա	1377	265.503645
հ	1392	148.345709
ա	1377	117.560625
ծ	1390	160.465240
դ	1380	215.925455
 	32	237.265110
փ	1411	110.421658
ո	1400	61.000586
ղ	1394	116.634846
ի	1387	128.526926
։	1417	103.841543
 	32	72.316647
Է	1335	427.043438
ս	1405	463.290930
 	32	89.327097
մ	1396	49.899817
ա	1377	230.257511
ր	1408	91.794491
դ	1380	185.586452
ո	1400	113.797426
ւ	1410	125.095367
 	32	118.981123
մ	1396	3341.628075
ե	1381	275.186777
ծ	1390	159.512758
ո	1400	115.977287
ւ	1410	485.131741
թ	1385	168.453455
յ	1397	153.835535
ո	1400	355.465412
ւ	1410	293.795586
ն	1398	234.773397
ը	1384	139.200687
 	32	88.379860
է	1383	128.637075
ն	1398	272.727728
ք	1412	328.797817
ա	1377	963.299274
ն	1398	137.415886
 	32	180.415630
ս	1405	88.327646
ե	1381	436.097860
ր	1408	432.162046
տ	1407	227.219105
ո	1400	153.687239
ր	1408	150.493383
ե	1381	115.848541
ն	1398	901.807308
 	32	708.714724
է	1383	131.303310
ր	1408	281.286955
 	32	177.087545
կ	1391	209.640265
ա	1377	110.169411
պ	1402	716.020346
վ	1406	249.233961
ա	1377	239.084482
ծ	1390	284.824371
 	32	100.698233
ն	1398	164.034843
ր	1408	72.154284
ա	1377	118.397236
 	32	77.688694
օ	1413	156.478882
տ	1407	111.358404
ա	1377	82.868576
ր	1408	735.761881
ո	1400	88.170290
ւ	1410	136.096239
թ	1385	120.275736
յ	1397	430.569172
ա	1377	170.872450
ն	1398	113.797188
ը	1384	70.811033
 	32	101.830482
ի	1387	92.708588
ր	1408	88.252068
 	32	149.262905
շ	1399	166.579723
ր	1408	71.764946
ջ	1403	205.830812
ա	1377	177.201271
պ	1402	150.423050
ա	1377	213.936329
տ	1407	106.046438
ի	1387	72.875738
ն	1398	214.485407
,	44	231.383324
 	32	98.219395
ո	1400	183.070421
ր	1408	147.342682
 	32	146.581650
վ	1406	83.688259
ա	1377	156.839609
խ	1389	72.082758
ե	1381	152.615070
ն	1398	100.639820
ո	1400	87.741852
ւ	1410	218.706846
մ	1396	465.204239
 	32	137.386084
է	1383	128.463030
ի	1387	60.925961
 	32	158.517361
հ	1392	99.345922
ա	1377	199.033260
ջ	1403	181.005478
ո	1400	108.060837
ղ	1394	71.373940
ո	1400	195.304155
ւ	1410	112.562656
թ	1385	959.311962
յ	1397	437.516451
ո	1400	87.886810
ւ	1410	135.914326
ն	1398	151.864767
ը	1384	116.956949
 	32	91.813326
ն	1398	107.367277
ր	1408	144.838095
ա	1377	130.362988
 	32	367.806435
հ	1392	87.682724
ա	1377	245.922089
մ	1396	146.271944
ա	1377	106.289148
ր	1408	705.377579
 	32	350.445032
կ	1391	414.048433
ա	1377	207.016945
ր	1408	82.250595
և	1415	183.249950
ո	1400	95.064640
ր	1408	133.180857
 	32	67.558527
դ	1380	150.097370
ա	1377	177.671432
ռ	1404	197.501898
ն	1398	61.102867
ա	1377	132.984161
,	44	101.047039
 	32	49.826145
հ	1392	179.872751
ո	1400	66.410542
գ	1379	126.716375
ի	1387	120.377541
ն	1398	100.244284
 	32	87.224245
ա	1377	77.374697
պ	1402	162.728786
ա	1377	68.311214
կ	1391	89.398146
ա	1377	121.700287
ն	1398	99.097967
ի	1387	473.478317
,	44	81.672192
 	32	256.098032
խ	1389	308.806658
ո	1400	161.364555
ր	1408	174.193382
տ	1407	247.082949
ա	1377	256.966352
կ	1391	76.532841
ի	1387	96.891880
 	32	79.047441
մ	1396	94.792843
ե	1381	55.058002
ծ	1390	147.925615
ո	1400	174.361229
ւ	1410	88.448048
թ	1385	174.154758
յ	1397	178.651094
ո	1400	102.285624
ւ	1410	62.160969
ն	1398	154.950380
ն	1398	61.666965
 	32	108.291864
ո	1400	88.293076
ւ	1410	88.221788
 	32	66.296339
ս	1405	415.065765
տ	1407	295.710564
ի	1387	170.523405
պ	1402	199.505091
ի	1387	99.241495
 	32	135.044575
մ	1396	77.508926
տ	1407	691.950321
ա	1377	175.022364
ծ	1390	75.619459
ե	1381	81.353903
լ	1388	112.748384
 	32	130.861521
ա	1377	69.112539
ն	1398	518.390179
ա	1377	258.704185
ր	1408	329.254389
ժ	1386	115.451813
ա	1377	77.555895
ն	1398	107.814074
 	32	136.463642
բ	1378	76.741457
ա	1377	110.206366
ն	1398	92.787027
ե	1381	149.924994
ր	1408	107.775927
ի	1387	113.846064
 	32	164.652109
մ	1396	396.799326
ա	1377	196.590900
ս	1405	78.214884
ի	1387	220.618963
ն	1398	93.891859
։	1417	795.543909
Կ	1343	128.843546
ա	1377	151.450634
֊	1418	122.673273
չ	1401	66.342831
կ	1391	151.469469
ա	1377	159.415007
 	32	99.390507
է	1383	842.388391
ս	1405	218.757391
 	32	215.529442
բ	1378	215.964079
ո	1400	141.442299
լ	1388	77.050209
ո	1400	100.910425
ր	1408	50.755739
ը	1384	79.913139
 	32	187.763214
ն	1398	168.504000
ր	1408	97.121477
ա	1377	47.732592
 	32	158.409119
մ	1396	76.504469
տ	1407	208.586931
ք	1412	250.725508
ո	1400	83.283186
վ	1406	488.311529
 	32	258.839607
է	1383	89.154243
լ	1388	162.968397
 	32	77.867746
է	1383	101.613283
ր	1408	107.167244
 	32	163.975239
ա	1377	133.310556
ն	1398	77.418804
ց	1409	121.828794
ե	1381	121.066332
լ	1388	124.066830
,	44	88.874102
 	32	228.784561
ո	1400	103.489161
ր	1408	131.359339
ո	1400	106.386185
վ	1406	64.857721
հ	1392	61.474562
ե	1381	100.086927
տ	1407	110.313177
և	1415	94.174385
 	32	159.433365
է	1383	78.849077
լ	1388	178.870678
 	32	88.888407
ե	1381	76.802015
ր	1408	96.789360
բ	1378	168.145895
ե	1381	273.036718
ք	1412	20829.091072
 	32	226.978302
չ	1401	567.592621
ե	1381	1078.691959
կ	1391	212.510109
ա	1377	162.410498
վ	1406	62.187433
 	32	751.599550
մ	1396	225.829363
ե	1381	150.369406
ր	1408	154.721737
 	32	141.135931
փ	1411	91.572046
ո	1400	126.835585
ղ	1394	60.505629
ո	1400	179.577589
ց	1409	62.599421
ը	1384	201.222181
։	1417	173.262358
 	32	82.336664
Ֆ	1366	88.900089
ի	1387	138.624907
ց	1409	140.183449
ր	1408	175.271749
ո	1400	233.969450
յ	1397	183.487415
 	32	123.952389
հ	1392	127.844810
ր	1408	126.797199
ա	1377	104.898930
պ	1402	116.841555
ա	1377	119.362116
ր	1408	71.698189
ա	1377	146.265507
կ	1391	126.637936
ո	1400	82.282305
ւ	1410	166.151285
մ	1396	106.717348
 	32	222.977877
ն	1398	67.718506
ա	1377	104.322672
 	32	100.814104
ա	1377	86.707830
վ	1406	90.873003
ե	1381	120.664120
լ	1388	107.976675
ի	1387	111.360312
 	32	48.086643
վ	1406	78.240633
ե	1381	148.381710
հ	1392	111.456633
ա	1377	92.968702
շ	1399	105.871677
ք	1412	115.787745
ո	1400	392.109156
ւ	1410	147.510529
 	32	224.431038
է	1383	143.831015
ր	1408	170.131207
,	44	116.319180
 	32	123.399734
ք	1412	94.708920
ա	1377	79.202890
ն	1398	100.034475
ի	1387	146.120548
 	32	82.856178
ո	1400	130.035400
ր	1408	87.831497
 	32	160.078764
շ	1399	221.767426
ո	1400	213.554144
ւ	1410	180.300951
ր	1408	142.902613
ջ	1403	133.094549
ը	1384	312.200308
 	32	175.947905
ո	1400	324.996710
չ	1401	166.926146
 	32	245.699883
մ	1396	311.685324
ի	1387	129.885912
 	32	264.176130
ի	1387	255.688667
ր	1408	147.349596
ա	1377	176.091909
ր	1408	82.879066
ա	1377	118.455172
ն	1398	93.753576
ց	1409	240.955591
ո	1400	135.318995
ւ	1410	105.286360
մ	1396	118.442774
 	32	62.508106
չ	1401	168.971300
կ	1391	44.402599
ա	1377	157.832384
ր	1408	73.556185
։	1417	77.408314
